VIRCat	Germ	GBegF	BegFEndF	EndFBegM	BegMEndM	FloCol	StemCol	BushShape	LeafSize	FlowStemCol	AscoRes	StemBr	StemL1ord	StemBr1ord	StemBr2ord	PodD	PodS	Height	Hlp	NoPodsWeight	PodsWeight	PodsNumber	SeedsNumber	SeedsWeight	PodShape	PodLength	PodWidth	SeedShape	SeedCol	Seed1000W
vir_0450	7	35	19	25	11	3	5	3	3	7	9	7	5	7	5	1	1	61.0	25.0	22.6	26.3	76	96.0	15.8	7	19	8	3	10	145
vir_0687	7	36	19	25	9	3	5	3	5	7	7	7	5	5	5	1	2	60.0	20.0	23.5	28.9	86	127.0	17.6	7	20	8	3	10	185
vir_0688	7	36	19	28	17	3	5	3	5	7	7	7	5	5	5	1	2	58.0	20.0	17.2	20.9	52	71.0	12.3	7	20	9	3	10	170
vir_0689	7	40	15	26	13	3	5	3	5	7	9	5	5	5	5	1	2	60.0	27.0	23.7	16.6	49	57.0	11.1	7	22	10	3	11	195
vir_0690	7	34	20	26	11	3	5	3	5	7	5	9	3	7	7	1	2	51.0	25.0	6.5	13.7	38	39.0	6.7	7	18	9	3	10	150
vir_0692	7	35	21	28	19	3	5	3	5	7	5	9	5	7	7	2	2	55.0	20.0	11.0	27.3	80	95.0	11.8	7	17	9	3	14	125
vir_0693	7	36	20	28	19	3	7	3	3	7	5	9	3	7	7	1	2	56.0	20.0	14.5	15.3	54	77.0	11.2	7	19	8	3	10	135
vir_0694	7	33	22	27	18	3	5	3	3	7	5	7	3	5	5	1	2	53.0	20.0	10.4	11.3	44	63.0	8.0	7	19	8	3	10	135
vir_0695	7	40	15	27	18	3	7	3	5	7	5	7	3	5	5	1	2	73.0	30.0	19.4	12.4	30	43.0	6.6	7	25	11	3	10	175
vir_0726	8	36	18	25	11	3	7	3	5	7	5	9	5	7	7	1	2	51.0	17.0	7.9	30.3	66	131.0	20.6	7	20	9	3	14	165
vir_0727	7	36	18	30	19	3	7	3	5	7	5	9	5	7	7	1	2	55.0	19.0	10.6	14.6	54	68.0	9.3	7	18	8	3	11	190
vir_0728	8	33	20	28	14	3	7	3	5	7	7	7	5	5	5	1	2	45.0	13.0	8.0	28.3	103	147.0	17.1	7	19	8	3	11	140
vir_0729	8	34	18	29	14	3	7	3	5	7	5	9	5	5	5	1	2	45.0	13.0	11.0	25.4	103	119.0	14.4	7	18	8	3	11	120
vir_0730	7	34	20	28	14	3	7	3	5	7	5	5	3	1	5	1	1	50.0	27.0	4.5	6.1	21	35.0	3.5	7	20	8	3	13	140
vir_0731	7	35	20	27	14	3	7	3	5	7	5	9	5	5	5	1	1	45.0	21.0	8.6	12.6	48	51.0	6.5	7	17	8	3	12	160
vir_0733	7	40	16	28	19	3	5	3	5	7	7	7	5	1	5	1	1	60.0	19.0	14.6	14.2	56	55.0	8.2	7	19	10	3	14	155
vir_0734	7	35	20	25	13	3	5	3	5	7	5	9	3	7	7	2	1	50.0	22.0	8.5	11.0	77	75.0	11.3	7	20	8	3	12	150
vir_0744	8	35	18	26	14	3	5	5	3	7	7	9	3	7	7	1	1	50.0	13.0	8.3	28.5	111	148.0	19.2	7	18	7	3	10	125
vir_0745	8	32	21	22	14	3	5	5	5	7	5	9	3	7	7	2	2	55.0	22.0	9.0	9.3	41	40.0	6.3	7	19	10	3	12	190
vir_0746	8	47	10	25	18	3	5	5	3	7	5	9	3	7	7	1	1	50.0	19.0	18.1	22.3	101	87.0	10.0	7	18	9	3	11	150
vir_0747	7	34	20	24	12	3	7	5	3	7	5	7	5	7	5	1	1	40.0	17.0	4.6	4.9	30	29.0	3.9	7	17	7	3	10	110
vir_0748	7	34	19	26	13	3	7	5	5	7	5	5	3	5	5	1	1	50.0	25.0	7.5	14.4	47	62.0	7.9	7	20	10	3	12	140
vir_0749	7	36	18	25	13	3	7	5	5	7	7	7	5	5	5	1	2	53.0	27.0	6.1	12.7	49	55.0	8.8	7	20	10	3	10	170
vir_0754	7	39	22	21	15	3	5	5	5	7	7	7	5	5	5	2	2	55.0	27.0	8.7	9.3	38	54.0	9.3	7	20	8	3	10	170
vir_0756	7	36	18	26	13	3	5	5	5	7	7	9	5	7	7	1	1	56.0	26.0	9.4	14.9	60	69.0	10.2	7	18	8	3	13	165
vir_0757	7	33	21	23	13	3	7	5	5	7	5	9	5	7	7	1	1	56.0	25.0	3.6	6.8	26	28.0	3.5	7	19	9	3	13	110
vir_0758	7	37	17	23	12	3	7	5	5	7	5	7	5	7	7	1	1	66.0	39.0	10.8	13.2	52	62.0	9.1	7	20	10	3	13	175
vir_0760	7	38	16	22	12	3	7	5	5	7	5	7	5	7	7	1	1	60.0	32.0	7.0	4.0	29	30.0	4.4	7	20	9	3	10	160
vir_0761	7	36	18	17	16	3	7	5	5	7	9	7	5	7	7	1	1	50.0	27.0	6.2	7.2	37	31.0	5.7	7	19	9	3	10	190
vir_0762	8	37	18	26	13	3	5	3	3	7	5	7	5	7	7	2	2	50.0	20.0	8.4	12.8	56	76.0	9.4	7	20	8	3	10	150
vir_0763	8	35	18	22	12	3	5	5	3	7	9	9	5	7	7	1	2	53.0	23.0	9.8	17.7	82	51.0	12.1	7	19	8	3	10	140
vir_0764	8	33	19	26	13	3	5	3	5	7	7	9	3	7	5	1	2	60.0	23.0	9.6	19.0	78	98.0	13.2	7	20	10	3	10	140
vir_0766	7	36	17	22	7	3	5	3	3	7	5	3	3	1	5	2	1	55.0	29.0	7.1	8.2	46	42.0	4.6	7	18	8	3	10	155
vir_0767	7	36	17	22	7	3	5	5	5	7	7	3	3	1	5	1	1	56.0	27.0	9.7	23.5	92	116.0	14.7	7	20	9	3	10	155
vir_0768	8	33	19	22	7	3	7	3	5	7	5	9	7	7	7	2	1	48.0	20.0	8.7	15.8	71	118.0	12.5	7	19	8	3	14	145
vir_0769	7	35	19	20	7	3	7	3	3	7	7	9	3	7	5	1	2	40.0	20.0	6.9	4.8	27	28.0	3.6	7	18	8	3	10	150
vir_0771	7	35	19	22	10	3	7	3	3	7	7	9	5	7	5	1	2	53.0	21.0	17.6	7.1	124	170.0	29.6	7	19	9	3	10	190
vir_0772	7	33	21	22	10	3	7	3	5	7	7	9	3	7	5	2	1	46.0	20.0	6.8	13.9	55	65.0	9.0	7	17	9	3	13	175
vir_0890	7	34	20	23	8	3	7	3	5	7	9	3	3	1	5	2	1	54.0	23.0	6.5	13.5	53	75.0	9.4	7	19	9	3	13	140
vir_1029	7	36	17	25	10	3	7	3	5	7	7	9	5	7	7	1	1	50.0	20.0	5.9	9.2	40	43.0	5.0	7	18	9	3	13	140
vir_1210	8	33	20	23	7	3	7	3	5	7	7	9	3	7	5	1	1	53.0	22.0	4.8	10.7	36	47.0	5.7	7	20	10	3	10	165
vir_1211	8	33	19	24	8	3	7	5	5	7	9	9	3	7	5	2	1	48.0	24.0	4.1	9.0	32	41.0	4.7	7	18	8	3	13	140
vir_1404	8	34	19	24	11	3	7	5	5	7	9	5	3	1	5	2	1	55.0	25.0	16.4	29.2	94	102.0	16.1	7	20	10	3	10	165
vir_1405	7	34	20	23	11	3	7	5	5	7	9	3	3	1	5	2	1	50.0	22.0	5.5	7.2	49	52.0	5.6	7	19	9	3	10	135
vir_1406	8	35	18	23	11	3	7	3	3	7	7	9	3	7	7	1	1	60.0	20.0	10.9	35.1	137	168.0	20.0	7	22	10	3	10	150
vir_1411	7	34	19	23	10	3	7	5	3	7	7	7	3	7	7	1	1	55.0	20.0	11.0	13.8	70	58.0	5.9	7	21	10	3	13	150
vir_1412	7	35	19	23	11	3	5	5	3	7	9	9	5	7	7	1	1	53.0	21.0	7.4	19.1	88	96.0	12.1	7	20	8	3	10	160
vir_1413	8	33	20	23	8	3	7	5	3	7	7	9	3	7	7	1	2	55.0	19.0	6.9	16.2	68	80.0	11.7	7	20	9	3	10	180
vir_1417	8	39	14	24	12	3	3	5	5	3	9	7	5	5	5	2	2	65.0	25.0	22.9	17.9	54	78.0	17.5	5	25	13	3	10	345
vir_1423	8	34	19	23	7	3	7	5	5	7	9	7	5	5	5	1	2	50.0	23.0	9.6	13.8	48	52.0	8.5	7	19	8	3	10	175
vir_1583	8	34	19	24	11	3	7	3	5	7	5	5	3	5	5	2	2	53.0	25.0	6.8	6.0	25	36.0	4.9	7	18	9	3	10	160
vir_1584	7	34	20	22	12	3	7	3	5	7	9	5	3	5	5	2	2	56.0	25.0	5.6	8.7	39	53.0	6.1	7	18	9	3	11	135
vir_1586	8	36	18	23	11	3	7	5	5	7	9	9	5	7	5	1	2	60.0	21.0	11.0	25.8	119	124.0	17.7	7	20	9	3	11	150
vir_2178	9	23	16	19	10	3	7	3	3	7	9	5	5	5	5	1	1	50.0	18.0	3.7	13.3	50	56.0	8.2	7	17	8	3	10	170
vir_3036	8	39	21	20	11	1	3	5	5	3	7	9	5	7	5	1	2	50.0	23.0	13.9	9.2	98	103.0	19.2	7	22	11	3	1	180
vir_3461	8	39	21	20	11	1	3	3	5	3	7	9	5	7	5	2	2	53.0	23.0	13.0	20.5	57	67.0	11.1	7	25	11	5	1	215
vir_3587	8	39	24	16	12	1	3	7	5	3	9	9	5	7	5	2	2	70.0	27.0	40.1	24.7	112	104.0	29.5	7	20	10	3	1	275
vir_0002	8	32	22	22	13	3	5	3	3	7	9	9	5	7	5	2	2	56.0	23.0	9.3	14.3	56	78.0	9.7	7	20	9	3	14	135
vir_0003	8	33	34	10	14	3	7	1	3	7	9	9	5	7	5	2	2	53.0	25.0	8.6	7.7	24	36.0	4.6	7	19	9	3	10	155
vir_0004	8	32	21	24	11	3	7	5	3	7	9	5	5	1	5	2	1	56.0	13.0	13.7	18.2	70	110.0	13.2	7	19	8	3	14	140
vir_0005	7	37	24	18	13	3	5	5	3	7	9	9	5	7	5	1	2	51.0	20.0	18.0	18.2	53	79.0	11.7	7	18	9	3	10	150
vir_0021	8	39	14	27	14	1	3	5	7	3	7	5	5	1	5	2	2	65.0	27.0	32.5	32.3	46	50.0	17.4	5	26	14	3	1	445
vir_0023	8	39	27	14	14	1	3	5	7	3	9	5	5	1	5	2	2	70.0	26.0	48.6	32.3	50	58.0	16.6	5	25	13	3	1	405
vir_0024	8	39	16	25	14	1	3	5	7	3	7	9	7	7	7	2	1	65.0	19.0	36.9	62.0	64	63.0	23.9	5	25	15	3	1	440
vir_0026	8	42	25	12	10	1	3	5	5	3	9	5	5	1	5	2	2	55.0	20.0	14.4	29.1	106	140.0	19.6	7	20	10	5	1	170
vir_0027	8	39	21	18	11	1	3	5	5	3	7	7	5	1	5	2	2	40.0	17.0	3.9	7.7	47	62.0	5.2	7	20	10	3	2	95
vir_0028	8	38	22	18	12	1	3	3	5	3	5	7	5	7	5	1	1	46.0	23.0	8.1	10.2	70	95.0	10.2	7	19	9	3	1	115
vir_0030	8	35	25	18	12	1	3	3	5	3	7	9	5	7	5	1	1	43.0	14.0	5.6	14.1	92	75.0	5.1	7	19	8	7	9	90
vir_0031	8	33	22	24	11	1	3	3	5	3	5	9	3	7	5	1	1	42.0	22.0	4.7	5.7	47	41.0	4.5	7	18	9	3	10	140
vir_0033	8	39	21	18	12	3	5	5	3	7	5	5	3	1	5	1	1	35.0	17.0	2.8	4.4	26	34.0	3.8	7	16	8	3	10	125
vir_0034	8	35	25	18	13	3	5	5	3	7	5	5	3	1	5	1	2	50.0	20.0	8.5	31.4	104	59.0	6.1	7	20	10	3	11	160
vir_0036	8	39	28	12	12	1	3	5	5	3	9	9	3	7	5	1	2	55.0	20.0	20.6	25.3	93	113.0	17.5	7	19	9	5	1	165
vir_0037	8	35	25	18	12	3	7	3	3	3	3	9	5	1	5	1	2	40.0	19.0	2.8	7.0	31	44.0	3.3	7	19	10	3	10	115
vir_0038	8	36	18	25	13	3	7	5	5	7	9	9	7	7	5	2	2	60.0	21.0	11.0	27.6	82	88.0	15.3	7	20	10	3	10	185
vir_0039	8	35	18	21	7	3	5	5	3	7	5	9	5	1	5	2	1	40.0	17.0	2.6	8.2	43	48.0	4.1	7	20	9	3	10	125
vir_0040	8	41	32	9	13	3	5	5	3	7	9	7	3	1	5	2	1	70.0	30.0	25.5	5.8	52	45.0	6.9	7	19	10	3	11	170
vir_0041	8	41	29	11	14	3	5	5	3	7	9	7	3	1	5	1	2	58.0	30.0	12.2	9.6	44	52.0	8.7	7	18	8	3	11	180
vir_0042	8	37	18	23	11	3	5	3	3	7	5	7	3	7	5	1	1	45.0	19.0	5.7	10.0	47	65.0	7.6	7	18	9	3	10	150
vir_0043	8	39	15	24	11	3	7	3	3	7	5	9	5	7	5	2	1	37.0	15.0	3.1	9.5	44	50.0	6.3	7	17	9	3	10	155
vir_0111	9	26	7	32	9	3	7	3	5	3	9	9	5	7	5	1	2	55.0	23.0	22.8	27.4	56	71.0	18.4	7	22	11	5	1	305
vir_0125	8	38	16	28	11	1	3	3	5	3	5	7	5	1	5	1	2	53.0	26.0	23.0	13.0	39	23.0	7.2	7	23	12	3	1	305
vir_0143	8	38	16	26	12	1	3	3	5	3	5	9	3	7	5	1	2	55.0	20.0	10.4	19.8	61	55.0	10.5	7	22	11	3	1	240
vir_0167	8	39	24	16	12	1	3	3	7	3	9	7	5	1	5	1	2	55.0	27.0	14.3	13.1	33	32.0	9.9	7	26	13	5	1	350
vir_0172	8	32	21	23	14	3	7	3	3	7	7	9	5	7	5	2	1	53.0	27.0	6.8	12.5	61	72.0	5.9	7	19	9	3	13	145
vir_0187	8	32	20	27	15	3	3	3	7	3	5	9	5	7	5	1	2	56.0	27.0	21.6	7.9	35	26.0	7.0	5	25	15	3	9	340
vir_0189	9	28	24	7	15	1	3	3	5	3	7	9	5	7	5	1	1	60.0	23.0	34.8	17.7	54	41.0	9.7	7	24	13	3	1	280
vir_0192	8	38	16	26	15	3	3	3	3	7	9	9	5	7	7	2	2	25.0	35.0	30.9	12.2	60	89.0	10.4	7	18	8	3	10	145
vir_0196	8	32	22	23	16	2	5	5	5	7	7	9	3	7	7	2	1	66.0	27.0	13.6	22.7	90	113.0	14.1	7	20	10	3	13	170
vir_0199	8	40	15	23	16	3	7	7	7	7	9	9	3	7	7	1	1	60.0	25.0	12.2	3.3	22	25.0	5.1	7	20	11	3	14	230
vir_0201	8	39	15	27	15	1	3	3	5	3	7	9	3	7	7	1	1	55.0	27.0	17.2	20.7	64	62.0	12.2	7	21	11	3	1	250
vir_0202	8	39	14	26	16	2	3	5	5	3	7	9	3	7	5	1	2	66.0	23.0	12.4	24.2	58	53.0	7.9	7	20	10	3	11	150
vir_0203	8	35	19	20	7	1	3	5	5	3	7	7	5	1	5	1	2	50.0	21.0	7.9	7.1	42	35.0	3.5	7	20	10	3	1	130
vir_0204	8	38	17	24	15	1	3	5	5	3	7	9	5	7	5	1	1	50.0	22.0	11.5	9.8	51	49.0	4.4	7	20	10	3	1	115
vir_0205	8	37	17	25	14	1	3	5	5	3	7	9	3	7	5	2	2	60.0	25.0	10.1	18.9	63	45.0	5.9	7	20	10	3	1	105
vir_0206	8	38	17	25	14	1	3	3	5	3	5	9	3	7	5	2	1	50.0	23.0	10.6	8.7	39	41.0	4.3	7	20	10	3	1	130
vir_0207	8	38	16	26	14	1	3	3	5	3	5	9	3	7	5	1	2	60.0	20.0	18.2	31.6	153	131.0	15.4	7	20	9	5	1	145
vir_0208	8	36	18	26	14	1	3	5	5	3	5	9	3	7	5	1	1	60.0	18.0	10.7	15.1	105	82.0	9.3	7	20	10	5	1	145
vir_0209	8	39	16	25	16	2	3	5	5	3	7	9	3	7	7	1	1	70.0	30.0	22.2	36.5	120	130.0	22.1	7	20	10	3	11	225
vir_0210	8	39	16	25	16	2	3	5	5	3	7	9	3	7	5	1	1	67.0	31.0	20.0	14.6	46	45.0	8.4	7	21	11	3	11	205
vir_0212	8	38	15	27	14	3	7	7	5	7	7	9	3	7	5	2	1	60.0	30.0	19.9	6.9	63	70.0	8.9	7	22	11	3	10	195
vir_0215	8	39	14	29	14	1	3	5	5	3	5	9	3	7	5	1	1	65.0	25.0	25.8	26.0	67	58.0	11.8	7	20	10	5	1	255
vir_0216	8	37	17	26	14	3	7	3	3	7	7	9	5	7	5	1	1	55.0	19.0	12.1	11.9	73	66.0	8.7	7	20	10	3	10	160
vir_0217	8	39	15	27	12	3	7	3	3	7	5	9	5	7	5	1	1	53.0	22.0	8.9	14.3	85	81.0	12.2	7	20	10	3	10	170
vir_0218	8	39	22	24	13	1	3	3	3	3	5	9	5	7	5	1	2	60.0	22.0	22.7	22.5	67	32.0	5.7	7	21	10	3	2	190
vir_0220	8	39	14	33	12	1	3	5	3	3	5	9	3	1	5	1	2	60.0	21.0	17.8	15.2	50	48.0	8.7	7	21	11	5	1	200
vir_0221	8	39	14	28	17	2	3	3	5	3	7	9	3	7	5	1	1	50.0	20.0	12.6	14.5	52	31.0	5.2	7	20	8	7	11	210
vir_0222	8	38	15	27	16	2	3	5	5	3	5	7	3	7	5	1	1	60.0	27.0	7.2	4.1	18	12.0	1.4	7	23	11	3	11	180
vir_0225	8	39	16	24	11	3	7	7	5	7	7	5	3	1	5	2	2	50.0	31.0	12.3	6.1	38	30.0	6.1	7	20	9	3	10	240
vir_0226	8	39	22	21	12	1	3	5	5	3	7	7	3	1	5	1	2	56.0	32.0	8.5	18.4	45	53.0	10.9	7	21	10	5	1	250
vir_0227	7	39	15	29	12	2	3	5	7	3	7	7	3	1	5	1	2	60.0	21.0	9.8	17.9	68	83.0	15.2	7	22	11	3	11	215
vir_0229	8	35	20	25	13	1	3	5	5	3	7	9	3	7	5	1	2	50.0	21.0	7.2	12.0	43	48.0	9.4	7	23	12	5	1	245
vir_0230	8	41	19	22	14	3	7	5	5	7	5	9	3	7	5	1	1	56.0	25.0	11.3	8.4	48	49.0	7.0	7	19	8	3	11	155
vir_0231	8	39	16	27	14	3	7	5	5	7	9	9	3	7	5	1	2	55.0	21.0	14.2	10.9	72	69.0	9.8	7	20	10	5	10	150
vir_0232	8	39	15	25	16	3	5	5	5	7	7	9	3	7	5	1	1	60.0	27.0	19.8	9.4	58	51.0	10.1	7	16	8	3	10	190
vir_0233	7	40	15	25	15	3	3	5	5	3	7	9	5	1	5	1	2	57.0	25.0	14.0	18.2	60	53.0	10.9	7	24	11	3	10	250
vir_0234	7	40	15	24	16	2	3	5	5	3	5	9	5	1	5	2	1	60.0	22.0	9.4	13.8	58	60.0	8.4	7	23	11	3	11	190
vir_0235	7	40	21	19	17	3	7	5	3	7	5	7	5	1	5	1	2	53.0	25.0	15.6	8.8	53	56.0	5.8	7	15	8	3	10	150
vir_0236	8	40	20	21	16	1	3	3	5	3	7	9	5	7	5	2	2	60.0	21.0	12.9	22.1	74	68.0	13.8	7	20	10	5	1	240
vir_0237	8	39	28	14	17	2	3	3	3	3	7	9	5	7	5	1	2	53.0	23.0	11.9	18.1	59	63.0	11.1	7	19	10	3	11	210
vir_0238	8	37	17	22	19	2	5	5	5	7	5	7	3	7	5	1	2	62.0	31.0	14.4	28.8	77	74.0	12.3	7	24	11	5	10	150
vir_0239	8	40	21	18	13	1	3	3	7	3	9	9	5	7	5	1	2	50.0	20.0	28.0	46.6	72	77.0	33.8	5	30	15	5	1	400
vir_0240	8	39	16	26	15	2	3	5	5	3	9	7	5	1	5	1	1	70.0	23.0	25.7	35.4	78	102.0	24.1	7	20	10	3	11	210
vir_0241	7	36	18	25	11	3	7	5	5	7	7	7	5	1	5	1	1	50.0	20.0	6.5	10.2	53	63.0	7.1	7	20	9	3	10	240
vir_0242	8	39	15	29	14	1	3	3	5	3	7	9	5	1	7	1	2	60.0	17.0	24.6	35.3	90	93.0	19.2	7	21	10	5	1	210
vir_0243	8	39	22	20	14	1	3	5	5	3	5	9	5	1	7	1	2	56.0	15.0	20.6	37.2	121	96.0	15.2	7	21	10	5	1	150
vir_0244	8	39	22	20	16	1	3	3	5	3	7	9	5	7	5	2	2	56.0	17.0	14.4	19.3	66	57.0	12.5	7	23	11	5	1	260
vir_0245	7	33	22	26	16	3	3	5	7	3	5	9	5	7	5	2	1	52.0	17.0	18.3	31.2	95	125.0	21.3	7	22	12	3	11	230
vir_0246	8	32	22	21	10	3	7	5	3	7	9	7	5	1	5	1	1	46.0	20.0	3.5	7.6	42	54.0	6.1	7	18	8	3	10	130
vir_0249	8	37	30	14	20	2	3	3	3	3	7	7	5	1	5	1	2	65.0	17.0	16.2	34.4	104	16.2	16.5	7	17	7	5	11	195
vir_0250	8	39	28	14	19	3	5	3	3	7	7	9	5	1	5	1	2	68.0	22.0	27.0	26.9	100	127.0	18.2	7	19	9	3	11	170
vir_0251	8	40	27	13	21	1	3	3	3	3	7	9	5	1	5	1	2	56.0	20.0	12.9	37.1	98	118.0	25.1	7	20	10	5	1	250
vir_0252	8	40	27	13	20	1	3	3	5	3	7	9	5	1	5	2	2	57.0	26.0	14.0	32.0	94	98.0	23.2	7	23	10	5	1	220
vir_0253	8	40	27	13	9	3	7	3	3	7	7	9	5	1	5	2	2	50.0	23.0	5.5	8.1	41	64.0	6.7	7	17	8	5	10	120
vir_0254	8	39	28	12	18	2	3	3	3	3	7	9	5	1	5	2	2	50.0	27.0	6.1	10.3	33	51.0	7.2	7	19	8	3	11	200
vir_0256	8	39	28	15	18	1	3	5	5	3	9	9	5	1	5	2	2	62.0	20.0	34.1	24.6	106	104.0	21.8	7	20	10	5	1	210
vir_0257	8	39	28	15	17	3	7	5	5	7	9	9	3	5	5	2	2	66.0	25.0	7.9	7.0	51	64.0	9.5	7	18	10	3	10	160
vir_0299	8	37	16	24	21	3	7	3	5	7	9	7	3	1	5	2	2	55.0	15.0	21.3	17.1	56	54.0	15.4	7	21	10	3	10	195
vir_0300	8	35	17	24	9	3	7	3	3	7	3	7	5	1	5	1	2	40.0	16.0	6.7	22.9	89	90.0	15.8	7	17	7	5	10	155
vir_0301	8	36	18	22	9	3	7	5	3	7	3	7	5	1	5	1	2	36.0	17.0	3.7	8.6	40	44.0	6.8	7	17	9	3	10	160
vir_0302	8	39	22	18	11	1	3	5	5	3	7	9	5	1	5	1	2	43.0	19.0	8.4	26.4	118	124.0	16.1	7	20	10	5	1	155
vir_0303	8	42	21	16	11	1	3	3	5	3	9	9	5	1	7	1	2	53.0	19.0	41.2	28.3	73	68.0	22.4	7	23	12	3	1	295
vir_0306	8	39	14	23	12	1	3	5	3	3	7	7	3	1	7	2	2	42.0	19.0	5.0	12.5	64	60.0	9.3	7	16	7	5	1	145
vir_0308	8	39	16	22	14	1	3	3	3	3	7	7	3	1	7	2	2	43.0	22.0	7.7	10.2	40	55.0	7.6	7	20	10	3	1	145
vir_0312	8	37	15	25	14	1	3	3	3	3	7	9	3	7	5	1	1	47.0	19.0	5.0	15.3	62	67.0	11.0	7	20	10	3	10	160
vir_0313	8	39	13	26	15	7	3	3	3	7	5	9	3	1	5	1	1	40.0	17.0	6.8	15.4	70	74.0	7.8	7	18	8	3	10	115
vir_0314	8	37	16	24	17	3	7	3	3	7	3	9	3	7	5	1	2	35.0	13.0	2.6	6.7	36	36.0	4.6	7	18	9	3	10	140
vir_0315	8	39	14	24	17	3	7	5	3	7	3	9	3	1	5	1	2	31.0	19.0	1.5	3.8	25	27.0	2.5	7	15	8	3	10	115
vir_0325	8	41	12	25	14	2	3	3	5	3	9	9	3	1	5	1	2	60.0	20.0	32.7	64.3	143	180.0	43.8	7	25	12	3	11	270
vir_0328	9	26	6	25	14	1	3	3	3	3	7	5	5	1	5	2	2	52.0	26.0	7.7	11.4	48	47.0	7.9	7	22	10	3	1	225
vir_0336	8	40	13	26	15	2	3	3	7	3	5	9	5	7	5	2	2	65.0	21.0	29.6	24.7	105	64.0	19.7	7	21	12	3	11	325
vir_0340	8	39	16	23	12	1	3	3	5	3	9	7	5	7	5	2	1	60.0	21.0	23.2	55.3	121	122.0	39.2	7	23	12	5	1	310
vir_0345	8	39	14	26	12	2	3	3	5	3	9	7	5	7	5	2	2	60.0	17.0	20.8	37.4	90	79.0	19.5	7	20	10	3	11	280
vir_0359	8	38	15	26	15	1	3	3	5	3	9	9	5	1	5	2	2	55.0	20.0	15.6	21.2	53	50.0	12.9	7	21	10	7	1	240
vir_0360	8	39	14	26	15	2	3	3	5	3	7	9	5	7	5	2	2	55.0	28.0	19.2	12.5	46	51.0	13.1	7	21	11	3	11	265
vir_0363	8	39	15	24	13	2	3	5	3	3	9	9	5	7	5	1	2	56.0	30.0	21.8	22.8	87	78.0	20.1	7	21	11	5	10	240
vir_0370	8	39	14	25	14	3	7	5	5	7	9	9	5	1	5	2	2	56.0	26.0	7.8	18.6	53	58.0	11.6	7	20	10	3	10	245
vir_0371	8	39	13	26	12	2	3	5	5	3	9	9	5	7	5	2	1	55.0	20.0	8.0	27.9	83	108.0	20.7	7	25	12	3	11	200
vir_0372	8	38	14	25	13	1	3	5	5	3	9	9	5	7	5	2	1	60.0	23.0	20.5	25.0	85	55.0	19.4	7	21	10	3	1	210
vir_0373	8	39	13	27	15	2	3	5	5	3	3	9	5	7	5	2	1	50.0	25.0	19.5	20.8	49	79.0	13.7	7	23	11	3	11	190
vir_0374	8	41	13	24	15	2	3	5	5	3	9	9	5	7	5	1	2	60.0	20.0	37.2	26.2	136	130.0	27.8	7	19	9	3	11	190
vir_0375	8	39	15	24	15	1	3	5	5	3	7	9	5	7	5	2	1	65.0	25.0	24.5	54.1	82	86.0	26.7	7	23	11	5	1	240
vir_0376	8	39	15	25	15	1	3	5	5	3	5	7	3	1	5	1	2	56.0	22.0	11.6	25.5	45	30.0	7.6	7	23	10	5	1	255
vir_0377	8	39	21	20	17	3	5	5	5	7	5	9	5	7	5	2	1	55.0	25.0	14.1	20.7	64	78.0	12.0	7	20	8	3	10	170
vir_0378	8	40	20	20	17	3	3	5	5	3	5	9	5	7	5	1	2	60.0	31.0	24.8	19.5	64	51.0	15.6	7	20	11	3	11	270
vir_0380	8	41	19	21	15	3	5	3	5	7	5	9	5	7	5	2	1	65.0	30.0	21.4	12.7	46	61.0	8.6	7	20	10	3	10	190
vir_0381	8	40	20	21	15	2	3	5	3	3	5	7	5	1	5	2	2	50.0	24.0	8.0	7.8	38	28.0	5.2	7	20	9	3	11	200
vir_0382	8	39	14	26	13	2	3	5	5	3	5	7	5	7	5	2	2	60.0	19.0	23.1	30.2	66	48.0	12.4	7	25	11	3	10	300
vir_0383	8	39	13	27	13	1	3	5	7	3	5	9	5	7	5	2	2	56.0	20.0	17.8	46.4	59	59.0	21.3	5	24	12	3	1	435
vir_0400	9	31	9	22	18	2	3	5	3	3	9	9	5	7	5	2	2	55.0	25.0	27.3	30.2	58	94.0	19.0	7	20	10	5	2	210
vir_0407	8	40	35	12	19	3	7	3	3	7	3	9	5	7	5	1	1	55.0	27.0	12.8	19.9	46	42.0	8.2	7	20	11	3	11	190
vir_0408	8	39	16	24	13	1	3	3	5	3	3	9	5	7	5	2	2	56.0	22.0	29.5	45.7	139	148.0	24.3	7	20	10	5	1	200
vir_0409	8	39	16	24	11	1	3	5	3	3	3	9	5	1	5	1	1	45.0	19.0	8.0	12.5	93	79.0	7.5	7	19	10	3	1	110
vir_0412	8	36	17	28	13	3	7	5	3	7	3	9	5	1	5	1	1	35.0	17.0	2.3	1.8	18	5.0	0.2	7	17	8	3	10	110
vir_0413	8	36	17	27	12	3	7	5	3	7	3	9	5	1	5	1	1	33.0	20.0	2.3	2.4	22	11.0	0.8	7	17	8	3	10	110
vir_0414	8	35	17	28	12	3	7	5	3	7	3	9	5	1	5	1	1	35.0	17.0	5.0	3.1	29	18.0	1.4	7	16	7	3	14	110
vir_0453	13	34	13	28	15	1	3	3	7	3	3	9	5	1	5	1	1	43.0	27.0	13.6	2.0	3	2.0	0.7	5	25	14	5	1	220
vir_0454	8	39	13	28	15	1	3	3	5	3	3	9	5	7	5	1	2	50.0	26.0	8.6	6.3	18	9.0	2.3	5	25	13	3	1	260
vir_0464	8	39	14	27	12	3	5	5	3	7	7	9	5	7	7	2	1	50.0	24.0	15.6	6.4	28	26.0	4.3	7	19	10	3	11	190
vir_0467	10	37	13	28	15	1	3	3	7	3	5	9	5	7	7	2	1	60.0	20.0	16.3	23.7	40	26.0	9.0	5	25	13	5	1	390
vir_0471	8	36	17	27	14	3	7	5	5	7	3	9	5	7	7	2	1	60.0	17.0	22.4	17.0	88	49.0	11.8	7	21	10	3	11	250
vir_0472	8	36	18	26	14	3	7	3	5	7	3	9	5	7	7	1	1	45.0	17.0	14.0	8.0	48	31.0	5.2	7	19	8	3	11	210
vir_0473	8	37	18	25	12	3	3	3	5	3	7	9	5	7	7	1	2	56.0	20.0	10.7	11.4	46	37.0	9.7	7	18	9	5	10	255
vir_0474	8	39	16	24	12	3	7	3	5	7	3	9	5	7	7	1	2	50.0	20.0	18.8	16.5	48	42.0	8.3	7	25	12	3	10	250
vir_0482	8	39	14	27	14	3	7	5	3	7	3	7	5	1	5	1	1	52.0	22.0	9.0	10.8	45	43.0	7.3	7	21	11	3	11	160
vir_0483	8	39	14	27	14	3	7	5	3	7	3	9	5	7	5	2	2	52.0	20.0	6.5	7.4	23	21.0	3.3	7	20	9	3	11	225
vir_0533	8	39	14	28	14	1	3	5	7	3	5	9	5	7	7	2	1	60.0	20.0	27.5	52.7	77	52.0	21.5	5	25	14	5	1	475
vir_0535	8	39	14	27	13	1	3	3	5	3	3	9	5	7	5	2	2	55.0	26.0	12.7	6.4	20	19.0	5.9	5	25	13	5	1	345
vir_0539	8	39	15	26	15	3	7	3	5	7	5	9	5	7	7	2	1	62.0	30.0	16.1	13.9	35	14.0	4.0	7	21	11	3	11	290
vir_0540	9	40	19	24	12	3	7	5	5	7	5	9	5	7	7	2	2	52.0	21.0	14.2	21.2	45	39.0	10.9	7	22	11	3	11	260
vir_0542	8	39	14	26	15	1	3	3	5	3	5	9	5	7	5	2	1	50.0	23.0	11.5	13.2	32	29.0	8.1	7	21	11	5	1	265
vir_0543	9	29	4	27	15	1	3	5	3	3	9	9	5	7	5	2	2	45.0	20.0	21.0	9.2	30	31.0	7.6	7	23	12	5	1	245
vir_0545	8	39	13	28	14	1	3	3	3	3	7	9	5	5	5	2	2	53.0	20.0	17.0	19.0	84	95.0	16.6	7	22	9	7	1	200
vir_0584	8	39	13	27	14	1	3	3	5	3	5	9	5	7	5	2	2	60.0	21.0	18.2	21.7	68	58.0	14.2	7	24	13	3	1	310
vir_0586	8	40	13	26	14	1	3	3	5	3	9	9	5	7	5	1	2	56.0	24.0	32.2	51.0	95	118.0	28.0	7	21	11	5	1	275
vir_0587	8	36	17	27	16	3	7	5	3	7	7	7	5	5	5	2	2	55.0	24.0	12.6	12.7	48	50.0	8.7	7	22	10	3	11	200
vir_0588	8	39	15	25	14	3	3	3	3	3	9	7	5	5	5	2	1	67.0	26.0	26.3	19.3	61	53.0	14.5	7	22	10	3	11	285
vir_0589	8	39	15	26	17	1	3	3	7	3	5	7	5	7	7	2	1	56.0	20.0	31.0	5.7	62	35.0	10.9	5	26	13	3	1	350
vir_0597	8	39	15	26	13	3	3	3	3	3	7	7	5	7	7	2	2	52.0	26.0	13.2	28.4	89	46.0	14.7	7	20	10	5	11	295
vir_0601	8	39	13	29	16	3	3	5	5	3	5	7	5	7	7	2	1	53.0	23.0	14.0	11.9	31	23.0	8.5	5	25	12	5	11	275
vir_0605	8	39	13	28	14	1	3	3	5	3	5	7	5	7	7	2	1	56.0	21.0	18.4	21.9	46	40.0	12.7	7	25	12	3	1	315
vir_0623	8	39	14	27	14	1	3	3	3	3	7	3	7	7	7	1	2	47.0	19.0	5.6	10.3	38	26.0	6.4	7	20	8	5	1	230
vir_0626	8	37	18	26	16	3	5	3	3	7	5	3	7	7	7	1	2	62.0	25.0	21.9	19.8	33	23.0	9.9	5	25	13	3	10	420
vir_0627	8	39	14	28	16	1	3	5	5	3	9	3	7	7	7	2	2	56.0	18.0	25.0	16.2	68	44.0	12.8	5	25	12	3	1	310
vir_0628	8	39	16	24	17	3	5	5	5	7	7	3	7	7	5	2	1	50.0	13.0	29.4	27.3	101	81.0	17.1	7	20	8	5	1	220
vir_0632	9	38	13	29	17	1	3	3	5	3	5	9	5	7	5	1	1	45.0	16.0	26.0	35.4	82	69.0	15.0	7	20	10	5	1	275
vir_0633	8	39	13	27	15	1	3	5	5	3	5	5	7	7	5	2	2	56.0	27.0	6.3	15.1	35	18.0	9.8	5	25	13	5	1	420
vir_0634	8	39	14	28	17	1	3	3	5	3	7	9	7	7	5	2	2	55.0	17.0	33.6	24.2	70	43.0	13.7	5	23	12	5	1	385
vir_0635	8	39	16	26	17	3	5	5	5	7	5	9	7	7	7	2	2	53.0	26.0	10.1	7.9	21	20.0	4.0	7	25	11	3	11	220
vir_0638	8	39	16	25	15	3	5	5	5	7	7	9	7	7	7	2	2	53.0	25.0	5.2	16.0	48	55.0	10.4	7	21	10	3	11	225
vir_0641	9	38	14	27	16	1	3	3	5	3	5	9	7	7	5	2	2	46.0	19.0	20.4	30.3	74	40.0	15.6	7	22	12	5	1	340
vir_0642	8	39	16	22	12	3	5	5	5	7	7	9	7	7	5	1	2	48.0	24.0	7.2	8.7	27	25.0	4.5	7	22	10	3	10	230
vir_0643	8	39	14	26	14	1	3	5	5	3	9	9	5	7	5	2	1	56.0	26.0	12.5	14.3	43	24.0	8.0	7	26	12	5	1	405
vir_0647	9	38	8	21	15	1	3	3	5	3	5	9	5	7	7	1	1	50.0	21.0	24.1	2.7	12	5.0	0.8	7	21	10	5	1	200
vir_0668	8	39	14	24	10	3	5	5	5	7	5	7	5	7	5	2	1	50.0	21.0	5.2	6.0	19	24.0	4.0	7	24	12	5	10	195
vir_0669	8	39	14	26	18	1	3	3	5	3	5	7	5	7	5	2	1	60.0	21.0	25.9	21.2	47	31.0	10.8	5	25	13	3	1	335
vir_0670	8	39	14	24	12	3	5	5	5	7	3	9	5	7	5	1	1	45.0	29.0	6.8	1.5	4	4.5	0.45	7	22	11	3	10	380
vir_0676	8	39	14	28	17	1	3	5	5	3	3	9	5	7	7	2	1	55.0	26.0	18.9	5.7	12	4.0	2.3	3	40	9	5	1	400
vir_0691	8	34	19	27	14	3	5	3	5	7	5	9	5	7	5	2	1	45.0	18.0	6.6	5.8	34	35.0	2.9	7	19	7	3	10	105
vir_0704	7	40	14	27	13	3	5	5	5	7	7	9	5	7	5	1	1	53.0	19.0	13.4	10.2	53	44.0	6.2	7	20	10	3	11	180
vir_0735	8	34	19	27	13	3	5	5	3	7	7	7	5	7	7	2	1	45.0	17.0	4.3	7.6	36	49.0	4.9	7	20	8	3	12	155
vir_0736	7	35	19	27	13	3	7	5	3	7	9	9	5	7	7	2	1	55.0	18.0	6.6	15.8	83	100.0	10.9	7	19	9	3	10	145
vir_0737	8	34	18	27	15	3	5	3	3	7	7	7	3	7	5	2	1	45.0	17.0	3.8	13.1	67	64.0	8.3	7	18	9	3	13	150
vir_0738	8	39	16	25	18	3	3	5	5	3	5	7	3	7	5	2	2	60.0	27.0	11.7	12.0	38	22.0	5.3	7	25	11	3	11	225
vir_0742	7	35	19	27	13	3	7	5	5	7	9	7	3	7	5	2	2	50.0	19.0	5.0	11.7	47	56.0	7.7	7	18	8	3	10	170
vir_0765	8	35	17	26	13	3	7	5	5	7	9	9	3	7	5	2	2	55.0	17.0	5.7	11.7	55	49.0	7.3	7	18	8	3	11	145
vir_0773	8	39	21	21	11	3	7	7	3	3	7	9	5	1	5	1	1	40.0	21.0	4.3	4.6	38	30.0	2.7	7	15	6	3	10	115
vir_0774	8	39	14	28	17	1	3	3	7	3	9	9	5	1	5	2	1	60.0	27.0	10.4	9.9	26	15.0	4.7	7	25	12	5	1	415
vir_0776	8	40	12	30	19	1	3	3	5	3	9	9	5	1	5	2	1	63.0	27.0	19.7	10.4	23	17.0	7.4	5	26	15	5	1	415
vir_0787	8	43	24	11	16	3	5	5	5	7	9	9	5	1	5	2	2	56.0	30.0	9.3	2.0	10	11.0	3.0	7	20	11	7	12	290
vir_0794	8	42	21	19	20	1	3	3	5	3	9	9	5	7	7	2	2	60.0	30.0	13.8	12.6	21	16.0	7.8	5	24	13	3	1	445
vir_0795	8	41	22	16	17	3	3	5	3	7	9	9	3	1	5	1	2	53.0	26.0	8.7	10.8	36	28.0	7.0	7	22	11	3	11	225
vir_0796	8	39	21	22	12	3	3	5	3	3	3	9	3	7	5	1	1	50.0	25.0	10.7	10.3	43	39.0	6.7	7	20	9	3	11	220
vir_0797	8	37	23	22	14	1	3	5	3	3	3	9	3	1	5	2	2	50.0	22.0	8.4	6.6	37	27.0	3.7	7	16	6	5	1	160
vir_0798	8	43	24	14	13	1	3	5	5	3	9	9	3	1	5	2	2	53.0	33.0	17.6	19.3	50	32.0	11.3	7	27	10	5	1	400
vir_0799	8	39	28	16	15	1	3	3	5	3	3	9	3	1	5	2	2	50.0	20.0	7.2	8.3	25	22.0	6.0	5	25	12	5	1	150
vir_0802	8	39	28	19	14	3	3	3	3	3	3	9	3	1	5	1	1	55.0	21.0	16.1	26.0	71	59.0	16.3	7	24	10	7	12	205
vir_0804	9	47	19	20	16	1	3	3	5	3	3	9	3	1	5	2	1	60.0	19.0	32.0	43.4	59	34.0	11.9	7	27	12	5	1	330
vir_0807	8	38	17	25	14	1	3	5	3	3	3	9	3	1	5	2	2	45.0	21.0	8.0	14.8	54	40.0	9.3	7	20	8	5	1	190
vir_0810	8	35	20	18	10	1	3	3	5	3	5	7	3	1	5	2	1	45.0	27.0	3.5	3.4	15	14.0	1.9	7	20	10	5	2	135
vir_0813	8	37	18	5	37	1	3	5	5	3	3	9	5	7	5	1	2	55.0	22.0	8.9	9.5	47	43.0	5.7	7	20	9	3	1	95
vir_0815	8	38	22	22	16	1	3	5	5	3	5	9	5	7	5	2	1	63.0	26.0	9.3	10.0	28	14.0	2.4	7	19	10	3	1	125
vir_0816	8	36	24	22	16	1	3	5	5	3	5	9	5	7	5	2	1	53.0	20.0	9.1	15.6	68	56.0	6.7	7	20	10	3	1	140
vir_0833	8	41	20	22	17	3	3	3	3	7	5	9	5	7	7	2	1	50.0	26.0	12.0	9.0	46	35.0	5.2	7	22	10	3	14	150
vir_0850	8	39	16	27	12	1	3	3	5	3	5	9	3	7	7	2	2	50.0	22.0	13.0	12.4	36	17.0	6.4	7	26	11	5	1	190
vir_0851	8	39	21	22	15	3	5	5	5	7	5	9	3	7	5	2	2	53.0	20.0	12.9	25.7	97	94.0	15.9	7	22	8	3	10	190
vir_0853	8	39	21	21	14	1	3	3	5	3	3	9	3	7	5	2	2	56.0	26.0	9.6	15.4	44	28.0	8.7	7	22	10	5	1	190
vir_0855	8	40	29	14	17	1	3	3	5	3	5	9	3	7	5	2	1	50.0	30.0	14.0	12.3	28	10.0	3.2	5	25	13	5	1	280
vir_0860	8	39	22	23	14	2	3	5	5	3	7	9	3	7	5	2	1	50.0	24.0	13.3	13.0	31	24.0	4.4	7	23	10	3	11	220
vir_0862	8	39	21	21	18	1	3	5	5	3	3	9	3	7	5	2	1	55.0	30.0	9.1	5.4	16	4.0	0.8	5	27	13	3	1	240
vir_0876	8	40	15	25	12	2	3	3	3	3	3	9	3	1	5	1	1	43.0	30.0	2.5	2.1	12	8.0	1.3	7	20	11	3	11	165
vir_0880	8	39	16	25	16	3	3	3	3	3	3	9	5	7	7	1	1	50.0	26.0	5.5	2.3	12	8.0	1.2	7	22	12	3	10	200
vir_0881	8	39	21	21	17	2	3	5	5	3	5	9	5	7	7	2	1	60.0	22.0	13.0	8.0	28	14.0	4.0	7	25	12	5	10	280
vir_0884	8	40	15	25	14	1	3	3	7	3	5	7	5	1	5	2	1	46.0	21.0	11.8	4.1	16	6.0	1.1	7	24	12	5	1	220
vir_0885	9	41	31	9	16	3	5	5	3	7	3	9	5	7	5	1	1	47.0	22.0	7.9	9.9	43	30.0	6.2	7	23	10	3	10	220
vir_0900	8	41	14	21	12	3	5	5	3	7	3	9	5	1	5	1	1	40.0	17.0	5.9	4.1	40	27.0	2.9	7	18	8	3	10	125
vir_0905	8	39	22	20	10	1	3	3	5	3	7	5	7	7	7	2	2	60.0	25.0	16.3	21.4	58	47.0	11.6	7	21	10	5	1	245
vir_0906	8	37	18	21	14	3	5	5	3	7	9	9	3	7	7	2	2	60.0	23.0	10.5	12.3	74	99.0	12.4	7	20	10	3	14	165
vir_0914	8	39	21	20	11	2	3	5	3	3	9	5	3	1	5	2	2	56.0	21.0	12.2	18.3	62	47.0	11.3	7	21	10	3	10	215
vir_0915	7	40	30	15	16	2	3	3	5	3	9	7	5	7	5	2	2	60.0	20.0	13.4	24.1	66	48.0	14.5	7	20	10	3	10	255
vir_0917	7	40	30	15	11	3	7	3	5	7	7	9	5	7	7	2	2	50.0	17.0	12.0	19.0	75	48.0	11.5	7	20	10	3	10	255
vir_0918	8	39	28	17	18	1	3	3	7	3	7	9	5	7	7	2	2	60.0	22.0	11.1	24.6	51	12.0	6.4	5	26	13	5	1	390
vir_0919	7	40	16	24	13	2	3	5	5	3	9	9	5	7	7	2	2	50.0	17.0	14.2	12.0	46	44.0	12.0	7	24	11	3	10	295
vir_0920	8	37	23	18	14	1	3	5	5	3	7	9	5	7	7	2	2	46.0	19.0	6.0	19.3	50	38.0	11.1	7	22	11	5	1	275
vir_0923	8	39	21	19	13	3	7	5	3	7	5	9	5	7	7	1	1	40.0	19.0	3.8	7.2	44	36.0	4.1	7	16	8	3	10	135
vir_0929	8	39	22	17	13	3	7	5	3	7	5	9	5	7	7	1	1	40.0	20.0	4.1	5.2	37	46.0	5.3	7	20	10	3	10	150
vir_0930	8	37	23	18	11	3	7	5	3	7	5	5	5	1	5	1	1	44.0	17.0	6.4	21.4	79	102.0	14.3	7	20	10	3	11	145
vir_0931	8	36	19	23	14	2	7	5	5	7	7	9	3	7	7	2	1	45.0	19.0	5.4	6.6	34	44.0	6.4	7	19	8	3	10	160
vir_0932	8	36	19	21	14	3	7	5	3	7	5	5	5	1	5	2	1	50.0	18.0	4.3	5.5	26	35.0	3.8	7	19	10	3	10	160
vir_0933	8	35	25	17	15	3	7	5	3	7	5	5	5	1	5	2	1	45.0	21.0	7.0	15.5	58	84.0	11.7	7	20	10	3	10	170
vir_0934	8	38	29	11	12	3	7	5	3	7	7	9	5	7	5	2	1	38.0	18.0	3.7	7.8	41	56.0	5.8	7	19	9	3	10	115
vir_0935	7	36	20	22	18	3	7	5	5	7	7	9	5	7	5	2	1	50.0	16.0	9.0	15.0	57	72.0	10.1	7	20	9	3	10	245
vir_0936	8	35	20	20	13	3	7	5	5	7	7	5	5	1	5	2	2	47.0	21.0	5.9	9.0	41	55.0	7.8	7	20	10	3	10	145
vir_0940	8	39	28	13	14	2	3	3	5	3	9	5	5	1	5	2	2	60.0	23.0	15.3	20.0	65	52.0	13.4	7	20	10	3	11	240
vir_0941	7	40	16	19	13	1	3	5	5	3	5	5	5	1	5	2	2	45.0	18.0	4.8	8.0	39	39.0	5.4	7	19	9	3	10	145
vir_0943	8	40	20	15	18	3	7	3	3	7	3	9	5	1	5	2	1	45.0	20.0	3.8	3.1	26	25.0	3.2	7	17	9	3	10	125
vir_0944	8	37	18	18	11	3	7	3	3	7	3	9	5	1	5	2	1	40.0	21.0	2.6	4.1	22	27.0	2.1	7	20	9	3	10	105
vir_0945	8	40	15	25	14	3	7	5	3	7	5	7	5	1	5	2	1	52.0	23.0	13.3	15.2	39	51.0	10.5	7	22	13	3	10	250
vir_0947	8	39	14	23	14	3	7	5	3	7	5	7	5	1	5	1	1	45.0	21.0	5.0	6.1	33	40.0	5.0	7	19	8	3	10	170
vir_0957	8	34	19	22	12	3	7	3	3	7	7	9	5	7	7	2	1	53.0	26.0	3.5	9.2	42	56.0	6.4	7	19	8	3	14	135
vir_0958	8	39	21	21	15	3	7	3	3	7	5	9	5	7	7	1	1	46.0	17.0	9.8	17.4	48	98.0	5.2	7	17	8	3	10	130
vir_0960	8	36	19	23	17	3	7	3	3	7	5	9	5	7	5	2	1	60.0	21.0	9.0	14.3	82	58.0	8.7	7	20	9	3	10	150
vir_0961	8	36	15	28	14	3	7	3	3	7	7	9	5	7	5	1	1	50.0	21.0	8.9	20.4	55	49.0	13.6	7	22	10	3	10	215
vir_0962	8	39	30	12	13	3	7	3	3	7	9	9	5	7	5	2	2	50.0	21.0	5.4	13.4	53	50.0	10.0	7	21	10	3	10	215
vir_0963	8	39	21	21	15	2	3	3	5	3	5	9	5	7	5	2	1	60.0	27.0	10.8	21.9	53	62.0	14.9	7	26	11	3	11	205
vir_0965	8	39	16	21	16	3	7	5	3	7	3	9	5	1	5	1	1	32.0	18.0	2.3	4.0	30	17.0	1.7	7	17	8	3	11	205
vir_0967	7	39	31	10	17	1	3	3	5	3	7	9	5	7	5	2	2	52.0	22.0	14.7	15.7	42	44.0	7.6	7	23	10	5	1	195
vir_0973	8	39	21	22	15	3	7	5	3	7	5	9	5	1	5	2	1	43.0	16.0	6.2	11.4	62	64.0	6.6	7	19	9	3	10	140
vir_0983	8	39	21	22	15	3	7	3	3	7	7	9	3	7	5	2	1	45.0	17.0	6.8	17.3	84	105.0	13.0	7	20	9	3	10	145
vir_0985	8	40	13	29	16	1	3	3	7	3	9	9	5	7	7	2	2	70.0	21.0	31.3	36.4	70	48.0	21.0	5	26	12	5	1	410
vir_0990	8	35	25	19	15	3	7	5	3	7	5	9	5	1	5	2	2	50.0	18.0	5.3	7.7	45	35.0	3.7	7	20	8	3	10	90
vir_0991	8	36	19	23	18	3	7	3	3	7	5	9	5	1	5	2	2	40.0	22.0	3.6	6.9	31	23.0	2.7	7	20	9	3	10	160
vir_0992	8	38	17	23	18	3	7	5	3	3	3	9	5	1	5	2	2	40.0	17.0	4.2	8.9	42	48.0	4.8	7	20	9	3	10	110
vir_0994	8	39	22	21	16	3	7	5	3	7	3	9	5	1	5	1	1	40.0	18.0	4.2	8.3	44	36.0	5.1	7	17	8	3	10	140
vir_0999	8	39	21	22	16	3	7	5	3	7	3	9	5	1	5	1	1	36.0	14.0	5.0	5.4	40	35.0	3.75	7	18	9	3	10	140
vir_1001	8	39	16	23	18	3	7	3	3	7	7	9	5	1	5	2	1	54.0	18.0	8.4	11.0	41	33.0	6.6	7	19	8	3	10	175
vir_1002	8	39	16	23	18	3	7	3	3	7	3	9	5	1	5	2	1	42.0	27.0	3.4	1.4	7	3.0	0.2	7	18	8	3	10	210
vir_1003	8	39	16	23	18	3	7	3	3	7	3	9	5	1	5	2	1	40.0	22.0	3.0	2.3	8	11.0	1.1	7	16	8	3	10	120
vir_1005	8	39	16	23	18	3	7	5	3	7	5	7	5	7	5	2	1	40.0	18.0	4.1	8.7	57	66.0	5.7	7	17	7	3	10	105
vir_1007	8	39	21	21	18	3	7	5	3	7	3	9	5	1	5	1	1	32.0	17.0	3.2	2.2	19	20.0	1.7	7	15	8	3	10	120
vir_1008	8	39	21	21	14	3	7	7	5	7	9	7	5	1	5	2	1	70.0	37.0	6.8	12.5	38	48.0	6.6	7	20	10	3	10	155
vir_1009	8	39	16	23	18	3	7	5	3	7	5	7	5	1	5	1	1	40.0	25.0	1.9	2.6	19	15.0	1.2	7	19	8	3	10	170
vir_1010	8	39	21	17	10	3	7	5	3	7	7	7	5	1	5	1	2	40.0	23.0	2.9	3.5	29	30.0	2.6	7	19	9	3	10	100
vir_1011	8	40	15	23	18	3	7	5	3	7	5	7	5	1	5	2	1	34.0	20.0	2.5	5.3	28	24.0	3.7	7	17	7	3	10	140
vir_1012	8	39	22	19	15	3	7	7	5	7	9	7	5	1	5	2	1	55.0	26.0	9.1	12.2	48	69.0	10.5	7	21	7	3	10	160
vir_1013	8	39	21	18	15	3	7	7	3	7	7	7	5	1	5	2	1	50.0	26.0	6.3	7.0	40	50.0	6.0	7	21	8	3	10	140
vir_1014	8	36	19	23	17	3	7	5	3	7	5	7	5	1	5	1	1	40.0	23.0	3.2	1.7	12	8.0	0.6	7	18	9	3	10	130
vir_1016	8	35	20	23	17	3	7	5	3	7	3	7	5	1	5	1	1	40.0	22.0	3.7	6.5	40	52.0	4.5	7	19	9	3	10	115
vir_1019	9	40	19	21	17	3	7	3	3	7	3	7	5	1	5	2	2	37.0	20.0	2.6	3.9	23	23.0	6.0	7	17	7	3	10	140
vir_1032	8	35	20	23	17	3	7	5	3	7	5	5	5	1	5	2	1	30.0	20.0	2.8	3.9	23	22.0	1.8	7	17	10	3	10	135
vir_1033	8	37	23	21	17	3	7	5	3	7	3	7	5	1	5	1	2	45.0	21.0	7.8	15.1	76	85.0	9.4	7	20	9	3	10	135
vir_1039	8	39	16	23	16	3	7	5	3	7	3	7	5	1	5	2	1	42.0	16.0	2.7	4.8	25	30.0	3.1	7	20	9	3	10	140
vir_1171	9	59	13	7	6	1	3	3	5	3	9	9	3	7	7	2	1	60.0	26.0	65.7	25.0	60	54.0	12.2	7	25	13	5	1	220
vir_1179	8	37	36	8	16	1	3	3	7	3	7	9	3	7	7	2	2	58.0	21.0	17.1	31.8	54	44.0	14.9	7	25	12	5	1	355
vir_1214	8	37	23	19	19	2	3	7	5	3	5	7	5	1	5	1	2	60.0	22.0	16.0	23.6	72	82.0	16.0	7	20	11	3	11	210
vir_1230	13	44	44	5	7	1	3	3	5	3	7	7	5	1	5	1	1	58.0	31.0	18.2	23.3	59	60.0	16.8	7	21	11	5	1	255
vir_1243	8	44	16	20	16	3	7	7	5	7	9	5	5	1	5	2	2	65.0	30.0	42.0	67.3	54	55.0	18.0	7	23	11	3	10	305
vir_1252	8	39	34	8	14	1	3	5	5	3	7	7	5	1	5	1	2	65.0	29.0	14.2	14.3	42	45.0	8.6	7	20	9	5	1	230
vir_1286	8	45	36	8	9	1	3	5	5	3	9	5	5	1	5	1	2	70.0	26.0	50.6	30.3	70	68.0	20.7	7	24	12	3	1	330
vir_1481	8	46	38	3	11	1	3	7	7	3	9	9	5	7	7	2	1	77.0	30.0	74.6	29.7	64	44.0	19.4	5	25	14	5	1	370
vir_2296	9	39	27	1	14	1	3	5	5	3	9	9	5	1	5	1	2	66.0	27.0	30.9	42.3	64	53.0	19.5	5	25	14	5	1	355
vir_0344	8	38	26	18	17	1	3	3	5	3	7	9	5	1	7	1	2	52.0	13.0	32.7	42.2	123	145.0	21.9	7	21	11	5	1	222
vir_0347	8	39	14	28	15	2	3	3	5	3	9	9	5	1	5	2	2	53.0	14.0	47.1	87.0	167	131.0	29.2	7	25	13	3	11	278
vir_0348	11	47	16	15	17	1	3	3	5	3	7	9	3	7	7	1	1	30.0	14.0	16.1	12.4	14	12.0	2.3	7	20	12	5	1	240
vir_349a	8	39	25	17	15	2	3	3	5	3	5	9	5	1	1	2	2	56.0	21.0	40.3	90.4	216	211.0	49.8	7	21	11	3	11	250
vir_349b	13	42	19	14	15	2	3	3	5	3	9	9	5	1	5	2	2	50.0	24.0	20.3	63.8	146	64.0	14.4	7	22	12	3	11	225
vir_0350	8	38	26	17	19	3	3	3	5	3	5	7	5	1	5	2	2	55.0	15.0	30.1	24.9	73	85.0	16.7	7	17	8	3	10	200
vir_0351	8	38	22	22	14	2	3	3	5	3	5	9	5	1	5	2	2	60.0	18.0	46.3	52.8	105	85.0	29.5	7	23	11	5	11	365
vir_0352	8	41	23	18	18	2	3	3	5	3	9	9	5	1	5	1	2	63.0	30.0	43.1	36.4	83	78.0	23.5	7	22	10	3	11	305
vir_0353	10	37	13	22	7	2	5	1	5	7	7	9	5	1	7	1	1	46.0	16.0	22.2	52.3	115	116.0	29.2	7	21	11	3	11	215
vir_0354	10	37	14	27	18	3	5	3	5	7	7	9	5	1	5	1	1	56.0	20.0	39.1	49.2	136	133.0	26.4	7	18	8	3	10	210
vir_0355	10	36	32	12	19	2	3	3	5	3	9	7	3	1	5	1	1	51.0	19.0	43.3	70.6	198	188.0	36.6	7	20	10	5	2	205
vir_0356	8	36	16	29	15	3	3	3	5	3	5	7	5	1	5	2	2	52.0	21.0	22.5	25.2	56	49.0	11.6	7	22	10	3	10	205
vir_0361	8	39	13	28	17	2	3	5	5	3	9	9	5	3	5	2	2	60.0	26.0	20.2	32.7	66	71.0	18.4	7	22	11	5	10	210
vir_0362	8	39	14	27	13	1	3	5	7	3	7	7	5	1	5	2	2	63.0	30.0	37.3	30.1	65	48.0	22.2	5	26	13	3	1	315
vir_0364	8	37	16	28	14	2	3	3	5	3	5	7	5	1	5	1	2	57.0	25.0	26.8	33.6	77	76.0	19.5	7	24	10	3	11	230
vir_0365	8	39	14	28	17	1	3	3	5	3	9	9	5	1	5	1	2	55.0	19.0	48.0	60.3	106	92.0	18.4	7	23	11	5	1	205
vir_0590	8	39	13	29	17	1	3	3	7	3	9	9	5	1	5	1	2	70.0	25.0	38.7	29.5	50	53.0	17.6	5	25	13	3	1	385
vir_0593	7	40	14	26	10	2	3	5	5	3	9	9	7	1	5	1	2	60.0	26.0	29.4	41.1	51	46.0	12.4	7	21	10	3	10	270
vir_0596	8	39	14	28	15	1	3	3	5	3	9	9	7	1	7	1	2	62.0	17.0	62.7	86.1	129	77.0	31.7	7	24	12	3	11	375
vir_0599	8	39	14	28	17	1	3	1	7	3	5	9	7	1	7	2	2	65.0	27.0	31.7	24.1	34	37.0	12.0	5	24	14	5	1	340
vir_0600	9	35	17	26	13	1	3	3	7	3	7	9	7	1	7	1	2	62.0	27.0	20.1	20.0	63	55.0	18.3	7	22	11	3	1	325
vir_0603	8	45	8	28	15	1	3	3	7	3	7	9	7	1	7	1	2	70.0	25.0	83.1	49.0	71	75.0	25.8	7	23	12	3	2	380
vir_0606	8	40	13	27	12	1	3	1	5	3	7	7	7	1	7	1	2	61.0	30.0	44.2	56.1	133	181.0	40.9	7	20	10	5	1	240
vir_0608	8	32	21	27	14	1	3	3	5	3	5	3	7	1	7	2	2	50.0	22.0	12.1	21.4	38	27.0	12.0	7	22	8	3	1	310
vir_0611	8	35	18	28	16	2	3	1	3	3	5	7	7	1	7	2	2	52.0	20.0	28.3	25.1	60	54.0	13.9	7	16	7	3	11	220
vir_0793	8	39	14	27	15	3	3	5	5	3	9	7	7	7	7	1	2	52.0	20.0	45.6	82.3	167	176.0	46.8	7	22	10	3	11	250
vir_0856	9	38	16	24	12	3	5	5	5	7	5	9	7	1	5	2	2	50.0	20.0	23.8	18.4	69	49.0	12.2	7	22	12	3	11	305
vir_0857	8	39	14	28	15	1	3	7	5	3	9	5	7	1	5	1	2	60.0	30.0	28.3	32.0	55	44.0	20.5	5	30	13	5	1	350
vir_0863	8	39	14	30	18	1	3	5	5	3	5	7	3	7	7	1	2	60.0	21.0	26.7	26.1	107	80.0	10.5	7	20	12	5	1	160
vir_0866	8	37	16	29	14	1	3	5	5	3	3	9	3	7	5	2	1	55.0	22.0	25.8	15.8	58	25.0	6.1	5	24	13	5	1	230
vir_0868	8	37	16	29	14	1	3	3	5	3	3	9	3	7	5	2	1	50.0	17.0	27.2	21.8	85	92.0	12.3	5	23	13	5	1	210
vir_0871	8	39	13	30	16	1	3	3	7	3	3	9	3	1	5	2	1	56.0	20.0	24.2	10.1	21	14.0	3.0	5	30	15	3	10	265
vir_0872	8	39	14	28	16	3	3	5	5	3	3	3	5	7	5	2	2	57.0	23.0	20.1	23.4	69	57.0	11.0	7	20	9	3	11	215
vir_0874	8	39	39	9	16	2	3	3	5	3	3	3	5	7	7	1	1	55.0	17.0	30.6	21.3	49	44.0	6.5	5	25	13	3	11	180
vir_0882	8	39	13	28	15	1	3	5	5	3	3	7	5	1	5	2	1	50.0	23.0	12.1	15.2	33	17.0	3.5	5	25	13	7	4	225
vir_0883	8	39	14	29	16	1	3	3	5	3	5	3	5	7	5	1	2	53.0	22.0	24.7	24.0	69	56.0	11.3	7	20	10	5	1	245
vir_0896	8	39	40	3	19	2	5	3	5	7	5	3	5	3	7	1	2	70.0	25.0	15.2	17.9	40	24.0	3.8	7	22	12	3	10	240
vir_0897	8	35	40	6	8	2	3	5	5	3	3	3	5	7	5	2	1	50.0	30.0	7.0	1.8	9	9.0	0.9	7	21	11	3	10	190
vir_1558	8	39	14	28	15	1	3	3	7	3	3	3	5	1	5	2	1	63.0	27.0	27.3	14.4	47	35.0	10.9	5	25	13	5	1	300
vir_2340	8	46	10	26	17	1	3	3	5	3	9	3	3	1	5	1	1	75.0	25.0	87.6	39.6	77	69.0	23.0	7	24	12	3	1	330
vir_2341	8	42	10	29	15	1	3	3	5	3	7	5	5	1	5	1	2	75.0	20.0	42.2	66.2	113	112.0	34.9	7	25	11	3	1	310
vir_2374	8	39	13	27	12	1	3	3	5	3	3	7	3	7	5	1	1	62.0	26.0	34.1	11.4	22	13.0	3.0	5	25	14	3	1	270
vir_2394	9	38	13	30	15	1	3	3	5	3	3	7	3	1	7	2	1	63.0	24.0	34.4	19.4	54	28.0	8.9	7	23	10	3	1	305
vir_2399	9	38	13	30	16	1	3	3	5	3	3	7	7	1	7	2	1	70.0	25.0	21.4	34.7	33	17.0	6.7	5	26	15	3	1	300
vir_2412	8	40	12	30	18	1	3	3	5	3	5	7	7	1	5	1	2	71.0	35.0	76.2	54.0	79	75.0	27.6	7	24	12	3	1	280
vir_2413	8	39	13	30	16	1	3	5	5	3	3	7	7	1	5	1	1	55.0	26.0	34.0	9.0	20	18.0	4.0	5	25	14	3	1	340
vir_2438	8	36	16	30	17	1	3	7	5	3	5	9	3	1	5	1	2	70.0	30.0	45.1	18.0	60	42.0	11.3	7	21	11	3	1	280
vir_2493	8	37	16	29	17	1	3	3	7	3	5	5	5	1	5	2	1	67.0	24.0	69.0	34.1	72	56.0	26.2	5	25	12	3	1	380
vir_3055	8	38	15	29	18	1	3	3	5	3	3	5	5	1	5	2	1	65.0	30.0	31.6	22.1	40	27.0	8.5	7	22	11	3	1	290
vir_3083	8	38	16	28	16	1	3	7	5	3	7	5	5	1	5	1	2	90.0	40.0	95.3	32.2	79	55.0	23.7	5	24	13	7	1	380
vir_3200	9	37	14	27	16	1	3	3	5	3	5	9	7	7	7	1	1	60.0	21.0	28.2	14.8	43	24.0	5.4	7	24	12	5	1	245
vir_3264	8	39	13	27	16	1	3	3	5	3	3	9	7	7	7	1	1	61.0	27.0	29.0	8.3	37	17.0	5.5	7	22	10	3	1	350
vir_3271	8	39	13	31	16	1	3	3	7	3	5	5	7	7	5	2	1	70.0	20.0	74.9	40.2	95	48.0	15.1	5	24	14	3	1	315
vir_3273	8	39	14	29	18	1	3	3	7	3	5	9	5	7	5	1	2	65.0	26.0	50.3	16.9	39	30.0	12.6	7	22	13	3	1	390
vir_3274	8	39	14	30	17	1	3	3	5	3	5	7	5	7	5	1	2	52.0	25.0	38.6	26.1	21	19.0	5.5	5	25	14	3	1	365
vir_3275	8	39	14	30	17	1	3	3	7	3	5	9	5	7	5	2	1	73.0	28.0	46.2	16.2	51	48.0	15.1	7	21	10	3	1	310
vir_3293	8	38	15	28	19	1	3	3	7	3	3	9	5	7	5	1	1	70.0	23.0	46.1	43.0	42	29.0	8.0	5	26	13	3	1	395
vir_3428	8	39	14	28	12	1	3	5	5	3	5	7	3	7	5	1	2	52.0	22.0	11.1	9.1	29	19.0	7.5	7	22	12	3	1	255
vir_3438	8	39	14	29	7	1	3	3	5	3	5	7	5	7	5	2	1	62.0	26.0	32.5	5.7	18	8.0	6.1	5	23	13	3	1	340
vir_3439	8	40	13	28	13	1	3	7	7	3	9	5	5	1	5	1	2	75.0	43.0	29.1	24.3	40	37.0	14.5	7	27	14	3	1	360
vir_3462	8	39	14	29	18	1	3	3	5	3	7	9	7	7	7	2	1	57.0	27.0	23.8	29.3	39	37.0	9.1	7	24	12	3	1	205
vir_3473	8	39	14	29	18	1	3	3	5	3	7	9	7	7	7	2	1	60.0	20.0	35.3	27.0	58	46.0	18.0	5	26	13	3	1	345
vir_3516	8	39	14	29	15	1	3	5	5	3	5	9	7	7	7	2	1	62.0	25.0	25.6	11.0	42	26.0	6.5	7	21	10	3	1	275
vir_3517	8	39	14	29	16	1	3	3	5	3	7	9	7	7	7	2	1	60.0	20.0	36.3	37.7	88	46.0	20.7	7	26	12	3	1	385
vir_3519	8	39	14	27	14	1	3	1	5	3	5	9	7	7	7	2	1	53.0	22.0	21.5	32.9	65	55.0	22.5	7	22	12	3	1	300
vir_3521	9	38	14	30	19	1	3	3	5	3	5	9	7	7	5	2	2	60.0	20.0	35.2	29.4	71	42.0	16.2	7	22	12	3	1	320
vir_3529	8	35	19	28	18	1	3	3	5	3	5	9	7	7	5	2	2	61.0	29.0	33.3	25.1	52	46.0	15.9	7	21	11	3	1	355
vir_3530	8	38	15	29	18	1	3	3	5	3	5	9	7	7	5	1	2	60.0	19.0	30.0	25.5	62	59.0	15.1	7	22	11	3	1	245
vir_3563	8	47	6	29	19	1	3	3	5	3	7	9	5	7	5	1	2	60.0	27.0	64.8	39.4	82	63.0	32.7	5	25	12	3	1	400
vir_3570	8	39	14	29	17	1	3	3	5	3	5	9	5	7	5	1	2	60.0	17.0	37.4	25.0	79	56.0	18.4	7	24	11	3	1	460
vir_3571	8	39	14	27	15	1	3	1	5	3	5	9	5	7	5	2	1	60.0	17.0	30.9	94.9	115	86.0	46.4	5	27	14	3	1	440
vir_3572	8	39	14	27	17	1	3	1	5	3	5	9	7	7	7	1	1	51.0	20.0	41.7	75.7	111	70.0	36.2	5	25	12	3	1	465
vir_3593	9	38	14	27	16	1	3	1	5	3	7	9	7	7	5	1	2	56.0	20.0	17.2	13.9	43	29.0	6.6	7	22	11	3	1	395
vir_3594	8	39	14	28	14	1	3	1	5	3	5	9	7	7	5	1	2	57.0	25.0	11.7	20.6	36	38.0	12.6	7	24	12	3	1	390
vir_3595	8	39	14	30	14	1	3	1	7	3	5	9	5	7	5	1	2	60.0	20.0	13.8	21.4	42	37.0	16.1	7	22	11	3	1	410
vir_3597	8	39	13	31	16	1	3	3	7	3	7	9	7	1	7	2	2	70.0	23.0	44.5	51.5	67	56.0	23.0	7	25	13	3	1	335
vir_3598	8	39	14	28	9	1	3	3	7	3	5	9	5	7	7	2	2	66.0	23.0	38.5	37.2	77	50.0	18.4	7	22	12	3	1	280
vir_0025	8	40	27	15	14	2	3	5	5	3	5	9	7	1	7	1	1	47.0	17.0	8.9	13.2	79	60.0	6.8	7	18	10	3	4	115
vir_0224	8	40	13	27	13	1	3	7	5	3	9	9	3	7	5	1	2	65.0	22.0	17.9	16.3	30	31.0	9.0	7	23	12	3	10	300
vir_0644	8	40	14	25	15	2	3	5	5	3	7	9	5	7	7	2	2	50.0	19.0	14.6	18.9	70	42.5	7.1	7	21	10	5	1	155
vir_0865	8	39	27	17	19	3	3	5	3	7	3	7	3	7	7	1	1	55.0	25.0	26.5	21.0	76	48.0	13.5	5	23	13	5	1	265
vir_3298	8	39	14	29	16	1	3	3	7	3	5	9	5	7	5	1	1	55.0	23.0	23.4	26.8	60	58.0	17.6	5	25	13	3	1	350
vir_455a	8	39	13	28	15	3	3	5	5	3	3	9	5	7	7	2	1	45.0	26.0	10.4	2.8	10	8.0	2.2	7	20	10	3	10	240
vir_455b	8	42	11	27	15	2	3	5	5	3	3	9	5	7	7	1	1	40.5	20.5	19.95	9.25	27	21.5	4.15	7	20	10	3	10	210
