VIRCat	Germ	GBegF	BegFEndF	EndFBegM	BegMEndM	FloCol	StemCol	BushShape	LeafSize	FlowStemCol	AscoRes	StemBr	StemL1ord	StemBr1ord	StemBr2ord	PodD	PodS	Height	Hlp	NoPodsWeight	PodsWeight	PodsNumber	SeedsNumber	SeedsWeight	PodShape	PodLength	PodWidth	SeedShape	SeedCol	Seed1000W
vir_0450	7	35	2.94443897916644	2.19722457733622	11	3	5	3	3	7	9	7	5	7	5	1	1	61	25	3.11794990627824	3.26956893918372	4.33073334028633	4.56434819146784	2.76000994003292	7	19	8	3	10	4.97673374242057
vir_0687	7	36	2.94443897916644	2.19722457733622	9	3	5	3	5	7	7	7	5	7	5	1	2	60	20	3.15700042115011	3.36384159511839	4.45434729625351	4.84418708645859	2.86789890204411	7	20	8	3	10	5.22035582507833
vir_0688	7	36	2.94443897916644	1.79175946922806	17	3	5	3	5	7	7	7	5	7	5	1	2	58	20	2.84490938381941	3.03974915897077	3.95124371858143	4.26267987704132	2.50959926237837	7	20	9	3	10	5.13579843705026
vir_0689	7	40	2.70805020110221	2.07944154167984	13	3	5	3	5	7	9	5	5	7	5	1	2	60	27	3.16547504814109	2.80940269536250	3.89182029811063	4.04305126783455	2.40694510831829	7	22	10	3	10	5.27299955856375
vir_0690	7	34	2.99573227355399	2.07944154167984	11	3	5	3	5	7	5	9	3	7	7	1	2	51	25	1.87180217690159	2.61739583283408	3.63758615972639	3.66356164612965	1.90210752639692	7	18	9	3	10	5.01063529409626
vir_0692	7	35	3.04452243772342	1.79175946922806	19	3	5	3	5	7	5	9	5	7	7	2	2	55	20	2.39789527279837	3.30688670219091	4.38202663467388	4.55387689160054	2.46809953147162	7	17	9	3	14	4.82831373730230
vir_0693	7	36	2.99573227355399	1.79175946922806	19	3	7	3	3	7	5	9	3	7	7	1	2	56	20	2.67414864942653	2.72785282839839	3.98898404656427	4.34380542185368	2.41591377830105	7	19	8	3	10	4.90527477843843
vir_0694	7	33	3.09104245335832	1.94591014905531	18	3	5	3	3	7	5	7	3	7	5	1	2	53	20	2.34180580614733	2.42480272571830	3.78418963391826	4.14313472639153	2.07944154167984	7	19	8	3	10	4.90527477843843
vir_0695	7	40	2.70805020110221	1.94591014905531	18	3	7	3	5	7	5	7	3	7	5	1	2	73	30	2.96527306606928	2.51769647261099	3.40119738166216	3.76120011569356	1.88706964903238	7	25	11	3	10	5.16478597392351
vir_0726	8	36	2.89037175789616	2.19722457733622	11	3	7	3	5	7	5	9	5	7	7	1	2	51	17	2.06686275947298	3.41114771251532	4.18965474202643	4.87519732320115	3.02529107579554	7	20	9	3	14	5.10594547390058
vir_0727	7	36	2.89037175789616	1.38629436111989	19	3	7	3	5	7	5	9	5	7	7	1	2	55	19	2.36085400111802	2.68102152871429	3.98898404656427	4.21950770517611	2.23001440015921	7	18	8	3	10	5.24702407216049
vir_0728	8	33	2.99573227355399	1.79175946922806	14	3	7	3	5	7	7	7	5	7	5	1	2	45	13	2.07944154167984	3.34286180464919	4.63472898822964	4.99043258677874	2.83907846350861	7	19	8	3	10	4.94164242260930
vir_0729	8	34	2.89037175789616	1.60943791243410	14	3	7	3	5	7	5	9	5	7	5	1	2	45	13	2.39789527279837	3.23474917402449	4.63472898822964	4.77912349311153	2.66722820658196	7	18	8	3	10	4.78749174278205
vir_0730	7	34	2.99573227355399	1.79175946922806	14	3	7	3	5	7	5	5	3	1	5	1	1	50	27	1.50407739677627	1.80828877117927	3.04452243772342	3.55534806148941	1.25276296849537	7	20	8	3	14	4.94164242260930
vir_0731	7	35	2.99573227355399	1.94591014905531	14	3	7	3	5	7	5	9	5	7	5	1	1	45	21	2.15176220325946	2.53369681395743	3.87120101090789	3.93182563272433	1.87180217690159	7	17	8	3	14	5.07517381523383
vir_0733	7	40	2.77258872223978	1.79175946922806	19	3	5	3	5	7	7	7	5	1	5	1	1	60	19	2.68102152871429	2.65324196460722	4.02535169073515	4.00733318523247	2.10413415427021	7	19	10	3	14	5.04342511691925
vir_0734	7	35	2.99573227355399	2.19722457733622	13	3	5	3	5	7	5	9	3	7	7	2	1	50	22	2.14006616349627	2.39789527279837	4.34380542185368	4.31748811353631	2.42480272571830	7	20	8	3	14	5.01063529409626
vir_0744	8	35	2.89037175789616	2.07944154167984	14	3	5	5	3	7	7	9	3	7	7	1	1	50	13	2.11625551480255	3.34990408727461	4.70953020131233	4.99721227376412	2.95491027903374	7	18	7	3	10	4.82831373730230
vir_0745	8	32	3.04452243772342	2.48490664978800	14	3	5	5	5	7	5	9	3	7	7	2	2	55	22	2.19722457733622	2.23001440015921	3.71357206670431	3.68887945411394	1.84054963339749	7	19	10	3	14	5.24702407216049
vir_0746	8	47	2.30258509299405	2.19722457733622	18	3	5	5	3	7	5	9	3	7	7	1	1	50	19	2.89591193827178	3.10458667846607	4.61512051684126	4.46590811865458	2.30258509299405	7	18	9	3	10	5.01063529409626
vir_0747	7	34	2.99573227355399	2.30258509299405	12	3	7	5	3	7	5	7	5	7	5	1	1	40	17	1.52605630349505	1.58923520511658	3.40119738166216	3.36729582998647	1.36097655313560	7	17	7	3	10	4.70048036579242
vir_0748	7	34	2.94443897916644	2.07944154167984	13	3	7	5	5	7	5	5	3	7	5	1	1	50	25	2.01490302054226	2.66722820658196	3.85014760171006	4.12713438504509	2.06686275947298	7	20	10	3	14	4.94164242260930
vir_0749	7	36	2.89037175789616	2.19722457733622	13	3	7	5	5	7	7	7	5	7	5	1	2	53	27	1.80828877117927	2.54160199346455	3.89182029811063	4.00733318523247	2.17475172148416	7	20	10	3	10	5.13579843705026
vir_0754	7	39	3.09104245335832	2.56494935746154	15	3	5	5	5	7	7	7	5	7	5	2	2	55	27	2.16332302566054	2.23001440015921	3.63758615972639	3.98898404656427	2.23001440015921	7	20	8	3	10	5.13579843705026
vir_0756	7	36	2.89037175789616	2.07944154167984	13	3	5	5	5	7	7	9	5	7	7	1	1	56	26	2.24070968927596	2.70136121295141	4.09434456222210	4.23410650459726	2.32238772029023	7	18	8	3	14	5.10594547390058
vir_0757	7	33	3.04452243772342	2.39789527279837	13	3	7	5	5	7	5	9	5	7	7	1	1	56	25	1.28093384546206	1.91692261218206	3.25809653802148	3.33220451017520	1.25276296849537	7	19	9	3	14	4.70048036579242
vir_0758	7	37	2.83321334405622	2.39789527279837	12	3	7	5	5	7	5	7	5	7	7	1	1	66	39	2.37954613413017	2.58021682959233	3.95124371858143	4.12713438504509	2.20827441352280	7	20	10	3	14	5.16478597392351
vir_0760	7	38	2.77258872223978	2.48490664978800	12	3	7	5	5	7	5	7	5	7	7	1	1	60	32	1.94591014905531	1.38629436111989	3.36729582998647	3.40119738166216	1.48160454092422	7	20	9	3	10	5.07517381523383
vir_0761	7	36	2.89037175789616	2.83321334405622	16	3	7	5	5	7	9	7	5	7	7	1	1	50	27	1.82454929205105	1.97408102602201	3.61091791264422	3.43398720448515	1.74046617484050	7	19	9	3	10	5.24702407216049
vir_0762	8	37	2.89037175789616	2.07944154167984	13	3	5	3	3	7	5	7	5	7	7	2	2	50	20	2.12823170584927	2.54944517092557	4.02535169073515	4.33073334028633	2.24070968927596	7	20	8	3	10	5.01063529409626
vir_0763	8	35	2.89037175789616	2.48490664978800	12	3	5	5	3	7	9	9	5	7	7	1	2	53	23	2.28238238567653	2.87356463957978	4.40671924726425	3.93182563272433	2.49320545260270	7	19	8	3	10	4.94164242260930
vir_0764	8	33	2.94443897916644	2.07944154167984	13	3	5	3	5	7	7	9	3	7	5	1	2	60	23	2.26176309847379	2.94443897916644	4.35670882668959	4.58496747867057	2.58021682959233	7	20	10	3	10	4.94164242260930
vir_0766	7	36	2.83321334405622	2.48490664978800	7	3	5	3	3	7	5	3	3	1	5	2	1	55	29	1.96009478404727	2.10413415427021	3.82864139648910	3.73766961828337	1.52605630349505	7	18	8	3	10	5.04342511691925
vir_0767	7	36	2.83321334405622	2.48490664978800	7	3	5	5	5	7	7	3	3	1	5	1	1	56	27	2.27212588550934	3.15700042115011	4.52178857704904	4.75359019110636	2.68784749378469	7	20	9	3	10	5.04342511691925
vir_0768	8	33	2.94443897916644	2.48490664978800	7	3	7	3	5	7	5	9	7	7	7	2	1	48	20	2.16332302566054	2.76000994003292	4.26267987704132	4.77068462446567	2.52572864430826	7	19	8	3	14	4.97673374242057
vir_0769	7	35	2.94443897916644	2.63905732961526	7	3	7	3	3	7	7	9	3	7	5	1	2	40	20	1.93152141160321	1.56861591791385	3.29583686600433	3.33220451017520	1.28093384546206	7	18	8	3	10	5.01063529409626
vir_0771	7	35	2.94443897916644	2.48490664978800	10	3	7	3	3	7	7	9	5	7	5	1	2	53	21	2.86789890204411	1.96009478404727	4.82028156560504	5.13579843705026	3.38777436133001	7	19	9	3	10	5.24702407216049
vir_0772	7	33	3.04452243772342	2.48490664978800	10	3	7	3	5	7	7	9	3	7	5	2	1	46	20	1.91692261218206	2.63188884013665	4.00733318523247	4.17438726989564	2.19722457733622	7	17	9	3	14	5.16478597392351
vir_0890	7	34	2.99573227355399	2.39789527279837	8	3	7	3	5	7	9	3	3	1	5	2	1	54	23	1.87180217690159	2.60268968544438	3.97029191355212	4.31748811353631	2.24070968927596	7	19	9	3	14	4.94164242260930
vir_1029	7	36	2.83321334405622	2.19722457733622	10	3	7	3	5	7	7	9	5	7	7	1	1	50	20	1.77495235091167	2.21920348405499	3.68887945411394	3.76120011569356	1.60943791243410	7	18	9	3	14	4.94164242260930
vir_1210	8	33	2.99573227355399	2.39789527279837	7	3	7	3	5	7	7	9	3	7	5	1	1	53	22	1.56861591791385	2.37024374146786	3.58351893845611	3.85014760171006	1.74046617484050	7	20	10	3	10	5.10594547390058
vir_1211	8	33	2.94443897916644	2.30258509299405	8	3	7	5	5	7	9	9	3	7	5	2	1	48	24	1.41098697371026	2.19722457733622	3.46573590279973	3.71357206670431	1.54756250871601	7	18	8	3	14	4.94164242260930
vir_1404	8	34	2.94443897916644	2.30258509299405	11	3	7	5	5	7	9	5	3	1	5	2	1	55	25	2.79728133483015	3.37416870927424	4.54329478227000	4.62497281328427	2.77881927199042	7	20	10	3	10	5.10594547390058
vir_1405	7	34	2.99573227355399	2.39789527279837	11	3	7	5	5	7	9	3	3	1	5	2	1	50	22	1.70474809223843	1.97408102602201	3.89182029811063	3.95124371858143	1.72276659774110	7	19	9	3	10	4.90527477843843
vir_1406	8	35	2.89037175789616	2.39789527279837	11	3	7	3	3	7	7	9	3	7	7	1	1	60	20	2.38876278923510	3.55820113047182	4.91998092582813	5.12396397940326	2.99573227355399	7	22	10	3	10	5.01063529409626
vir_1411	7	34	2.94443897916644	2.39789527279837	10	3	7	5	3	7	7	7	3	7	7	1	1	55	20	2.39789527279837	2.62466859216316	4.24849524204936	4.06044301054642	1.77495235091167	7	21	10	3	14	5.01063529409626
vir_1412	7	35	2.94443897916644	2.39789527279837	11	3	5	5	3	7	9	9	5	7	7	1	1	53	21	2.00148000021012	2.94968833505258	4.47733681447821	4.56434819146784	2.49320545260270	7	20	8	3	10	5.07517381523383
vir_1413	8	33	2.99573227355399	2.39789527279837	8	3	7	5	3	7	7	9	3	7	7	1	2	55	19	1.93152141160321	2.78501124223834	4.21950770517611	4.38202663467388	2.45958884180371	7	20	9	3	10	5.19295685089021
vir_1417	8	39	2.63905732961526	2.30258509299405	12	3	3	5	5	3	9	7	5	7	5	2	2	65	25	3.13113691056019	2.88480071284671	3.98898404656427	4.35670882668959	2.86220088092947	5	25	13	3	10	5.84354441703136
vir_1423	8	34	2.94443897916644	2.39789527279837	7	3	7	5	5	7	9	7	5	7	5	1	2	50	23	2.26176309847379	2.62466859216316	3.87120101090789	3.95124371858143	2.14006616349627	7	19	8	3	10	5.16478597392351
vir_1583	8	34	2.94443897916644	2.30258509299405	11	3	7	3	5	7	5	5	3	7	5	2	2	53	25	1.91692261218206	1.79175946922806	3.21887582486820	3.58351893845611	1.58923520511658	7	18	9	3	10	5.07517381523383
vir_1584	7	34	2.99573227355399	2.48490664978800	12	3	7	3	5	7	9	5	3	7	5	2	2	56	25	1.72276659774110	2.16332302566054	3.66356164612965	3.97029191355212	1.80828877117927	7	18	9	3	10	4.90527477843843
vir_1586	8	36	2.89037175789616	2.39789527279837	11	3	7	5	5	7	9	9	5	7	5	1	2	60	21	2.39789527279837	3.25037449192757	4.77912349311153	4.82028156560504	2.87356463957978	7	20	9	3	10	5.01063529409626
vir_2178	9	23	2.77258872223978	2.70805020110221	10	3	7	3	3	7	9	5	5	7	5	1	1	50	18	1.30833281965018	2.58776403522771	3.91202300542815	4.02535169073515	2.10413415427021	7	17	8	3	10	5.13579843705026
vir_3036	8	39	3.04452243772342	2.63905732961526	11	1	3	5	5	3	7	9	5	7	5	1	2	50	23	2.63188884013665	2.21920348405499	4.58496747867057	4.63472898822964	2.95491027903374	7	22	11	3	1	5.19295685089021
vir_3461	8	39	3.04452243772342	2.63905732961526	11	1	3	3	5	3	7	9	5	7	5	2	2	53	23	2.56494935746154	3.02042488614436	4.04305126783455	4.20469261939097	2.40694510831829	7	25	11	5	1	5.37063802812766
vir_3587	8	39	3.17805383034795	2.89037175789616	12	1	3	5	5	3	9	9	5	7	5	2	2	70	27	3.69137633431252	3.20680324363393	4.71849887129509	4.64439089914137	3.38439026334577	7	20	10	3	1	5.61677109766657
vir_0002	8	32	3.09104245335832	2.48490664978800	13	3	5	3	3	7	9	9	5	7	5	2	2	56	23	2.23001440015921	2.66025953726586	4.02535169073515	4.35670882668959	2.27212588550934	7	20	9	3	14	4.90527477843843
vir_0003	8	33	3.52636052461616	3.17805383034795	14	3	7	3	3	7	9	9	5	7	5	2	2	53	25	2.15176220325946	2.04122032885964	3.17805383034795	3.58351893845611	1.52605630349505	7	19	9	3	10	5.04342511691925
vir_0004	8	32	3.04452243772342	2.30258509299405	11	3	7	5	3	7	9	5	5	1	5	2	1	56	13	2.61739583283408	2.90142159408275	4.24849524204936	4.70048036579242	2.58021682959233	7	19	8	3	14	4.94164242260930
vir_0005	7	37	3.17805383034795	2.77258872223978	13	3	5	5	3	7	9	9	5	7	5	1	2	51	20	2.89037175789616	2.90142159408275	3.97029191355212	4.36944785246702	2.45958884180371	7	18	9	3	10	5.01063529409626
vir_0021	8	39	2.63905732961526	1.94591014905531	14	1	3	5	7	3	7	5	5	1	5	2	2	65	27	3.48124008933569	3.47506723022861	3.82864139648910	3.91202300542815	2.85647020622048	5	26	14	3	1	6.09807428216624
vir_0023	8	39	3.29583686600433	2.99573227355399	14	1	3	5	7	3	9	5	5	1	5	2	2	70	26	3.88362353090645	3.47506723022861	3.91202300542815	4.06044301054642	2.80940269536250	5	25	13	3	1	6.00388706710654
vir_0024	8	39	2.77258872223978	2.19722457733622	14	1	3	5	7	3	7	9	7	7	7	2	1	65	19	3.60821155104648	4.12713438504509	4.15888308335967	4.14313472639153	3.17387845893747	5	25	15	3	1	6.08677472691231
vir_0026	8	42	3.21887582486820	3.09104245335832	10	1	3	5	5	3	9	5	5	1	5	2	2	55	20	2.66722820658196	3.37073817417745	4.66343909411207	4.94164242260930	2.97552956623647	7	20	10	5	1	5.13579843705026
vir_0027	8	39	3.04452243772342	2.77258872223978	11	1	3	5	5	3	7	7	5	1	5	2	2	40	17	1.36097655313560	2.04122032885964	3.85014760171006	4.12713438504509	1.64865862558738	7	20	10	3	1	4.55387689160054
vir_0028	8	38	3.09104245335832	2.77258872223978	12	1	3	3	5	3	5	7	5	7	5	1	1	46	23	2.09186406167839	2.32238772029023	4.24849524204936	4.55387689160054	2.32238772029023	7	19	9	3	1	4.74493212836325
vir_0030	8	35	3.21887582486820	2.77258872223978	12	1	3	3	5	3	7	9	5	7	5	1	1	43	14	1.72276659774110	2.64617479738412	4.52178857704904	4.31748811353631	1.62924053973028	7	19	8	5	10	4.49980967033027
vir_0031	8	33	3.09104245335832	2.30258509299405	11	1	3	3	5	3	5	9	3	7	5	1	1	42	22	1.54756250871601	1.74046617484050	3.85014760171006	3.71357206670431	1.50407739677627	7	18	9	3	10	4.94164242260930
vir_0033	8	39	3.04452243772342	2.77258872223978	12	3	5	5	3	7	5	5	3	1	5	1	1	35	17	1.02961941718116	1.48160454092422	3.25809653802148	3.52636052461616	1.33500106673234	7	16	8	3	10	4.82831373730230
vir_0034	8	35	3.21887582486820	2.77258872223978	13	3	5	5	3	7	5	5	3	1	5	1	2	50	20	2.14006616349627	3.44680789291421	4.64439089914137	4.07753744390572	1.80828877117927	7	20	10	3	10	5.07517381523383
vir_0036	8	39	3.33220451017520	3.09104245335832	12	1	3	5	5	3	9	9	3	7	5	1	2	55	20	3.02529107579554	3.23080439573347	4.53259949315326	4.72738781871234	2.86220088092947	7	19	9	5	1	5.10594547390058
vir_0037	8	35	3.21887582486820	2.77258872223978	12	3	7	3	3	3	3	9	5	1	5	1	2	40	19	1.02961941718116	1.94591014905531	3.43398720448515	3.78418963391826	1.19392246847243	7	19	10	3	10	4.74493212836325
vir_0038	8	36	2.89037175789616	2.19722457733622	13	3	7	5	5	7	9	9	7	7	5	2	2	60	21	2.39789527279837	3.31781577272310	4.40671924726425	4.47733681447821	2.72785282839839	7	20	10	3	10	5.22035582507833
vir_0039	8	35	2.89037175789616	2.56494935746154	7	3	5	5	3	7	5	9	5	1	5	2	1	40	17	0.955511445027437	2.10413415427021	3.76120011569356	3.87120101090789	1.41098697371026	7	20	9	3	10	4.82831373730230
vir_0040	8	41	3.46573590279973	3.21887582486820	13	3	5	5	3	7	9	7	3	1	5	2	1	70	30	3.23867845216438	1.75785791755237	3.95124371858143	3.80666248977032	1.93152141160321	7	19	10	3	10	5.13579843705026
vir_0041	8	41	3.36729582998647	3.13549421592915	14	3	5	5	3	7	9	7	3	1	5	1	2	58	30	2.50143595173921	2.26176309847379	3.78418963391826	3.95124371858143	2.16332302566054	7	18	8	3	10	5.19295685089021
vir_0042	8	37	2.89037175789616	2.39789527279837	11	3	5	3	3	7	5	7	3	7	5	1	1	45	19	1.74046617484050	2.30258509299405	3.85014760171006	4.17438726989564	2.02814824729229	7	18	9	3	10	5.01063529409626
vir_0043	8	39	2.70805020110221	2.30258509299405	11	3	7	3	3	7	5	9	5	7	5	2	1	37	15	1.13140211149110	2.25129179860650	3.78418963391826	3.91202300542815	1.84054963339749	7	17	9	3	10	5.04342511691925
vir_0111	9	26	1.94591014905531	0.693147180559945	9	3	7	3	5	3	9	9	5	7	5	1	2	55	23	3.12676053596040	3.31054301339402	4.02535169073515	4.26267987704132	2.91235066461494	7	22	11	5	1	5.72031177660741
vir_0125	8	38	2.77258872223978	1.79175946922806	11	1	3	3	5	3	5	7	5	1	5	1	2	53	26	3.13549421592915	2.56494935746154	3.66356164612965	3.13549421592915	1.97408102602201	7	23	12	3	1	5.72031177660741
vir_0143	8	38	2.77258872223978	2.07944154167984	12	1	3	3	5	3	5	9	3	7	5	1	2	55	20	2.34180580614733	2.98568193770049	4.11087386417331	4.00733318523247	2.35137525716348	7	22	11	3	1	5.48063892334199
vir_0167	8	39	3.17805383034795	2.89037175789616	12	1	3	3	7	3	9	7	5	1	5	1	2	55	27	2.66025953726586	2.57261223020711	3.49650756146648	3.46573590279973	2.29253475714054	7	26	13	5	1	5.85793315448346
vir_0172	8	32	3.04452243772342	2.39789527279837	14	3	7	3	3	7	7	9	5	7	5	2	1	53	27	1.91692261218206	2.52572864430826	4.11087386417331	4.27666611901606	1.77495235091167	7	19	9	3	14	4.97673374242057
vir_0187	8	32	2.99573227355399	1.94591014905531	15	3	3	3	7	3	5	9	5	7	5	1	2	56	27	3.07269331469012	2.06686275947298	3.55534806148941	3.25809653802148	1.94591014905531	5	25	15	3	10	5.82894561761021
vir_0189	9	28	3.17805383034795	3.29583686600433	15	1	3	3	5	3	7	9	5	7	5	1	1	60	23	3.54961738678043	2.87356463957978	3.98898404656427	3.71357206670431	2.27212588550934	7	24	13	3	1	5.63478960316925
vir_0192	8	38	2.77258872223978	2.07944154167984	15	3	3	3	3	7	9	9	5	7	7	2	2	25	35	3.43075618390370	2.50143595173921	4.09434456222210	4.48863636973214	2.34180580614733	7	18	8	3	10	4.97673374242057
vir_0196	8	32	3.09104245335832	2.39789527279837	16	2	5	5	5	7	7	9	3	7	7	2	1	66	27	2.61006979274201	3.12236492448736	4.49980967033027	4.72738781871234	2.64617479738412	7	20	10	3	14	5.13579843705026
vir_0199	8	40	2.70805020110221	2.39789527279837	16	3	7	5	7	7	9	9	3	7	7	1	1	60	25	2.50143595173921	1.19392246847243	3.09104245335832	3.21887582486820	1.62924053973028	7	20	11	3	14	5.43807930892320
vir_0201	8	39	2.70805020110221	1.94591014905531	15	1	3	3	5	3	7	9	3	7	7	1	1	55	27	2.84490938381941	3.03013370027132	4.15888308335967	4.12713438504509	2.50143595173921	7	21	11	3	1	5.52146091786225
vir_0202	8	39	2.63905732961526	2.07944154167984	16	2	3	5	5	3	7	9	3	7	5	1	2	66	23	2.51769647261099	3.18635263316264	4.06044301054642	3.97029191355212	2.06686275947298	7	20	10	3	10	5.01063529409626
vir_0203	8	35	2.94443897916644	2.63905732961526	7	1	3	5	5	3	7	7	5	1	5	1	2	50	21	2.06686275947298	1.96009478404727	3.73766961828337	3.55534806148941	1.25276296849537	7	20	10	3	1	4.86753445045558
vir_0204	8	38	2.83321334405622	2.30258509299405	15	1	3	5	5	3	7	9	5	7	5	1	1	50	22	2.44234703536920	2.28238238567653	3.93182563272433	3.89182029811063	1.48160454092422	7	20	10	3	1	4.74493212836325
vir_0205	8	37	2.83321334405622	2.19722457733622	14	1	3	5	5	3	7	9	3	7	5	2	2	60	25	2.31253542384721	2.93916192206560	4.14313472639153	3.80666248977032	1.77495235091167	7	20	10	3	1	4.65396035015752
vir_0206	8	38	2.83321334405622	2.19722457733622	14	1	3	3	5	3	5	9	3	7	5	2	1	50	23	2.36085400111802	2.16332302566054	3.66356164612965	3.71357206670431	1.45861502269952	7	20	10	3	1	4.86753445045558
vir_0207	8	38	2.77258872223978	2.07944154167984	14	1	3	3	5	3	5	9	3	7	5	1	2	60	20	2.90142159408275	3.45315712059287	5.03043792139244	4.87519732320115	2.73436750941958	7	20	9	5	1	4.97673374242057
vir_0208	8	36	2.89037175789616	2.07944154167984	14	1	3	5	5	3	5	9	3	7	5	1	1	60	18	2.37024374146786	2.71469474382088	4.65396035015752	4.40671924726425	2.23001440015921	7	20	10	5	1	4.97673374242057
vir_0209	8	39	2.77258872223978	2.19722457733622	16	2	3	5	5	3	7	9	3	7	7	1	1	70	30	3.10009228887823	3.59731226058845	4.78749174278205	4.86753445045558	3.09557760852371	7	20	10	3	10	5.41610040220442
vir_0210	8	39	2.77258872223978	2.19722457733622	16	2	3	5	5	3	7	9	3	7	5	1	1	67	31	2.99573227355399	2.68102152871429	3.82864139648910	3.80666248977032	2.12823170584927	7	21	11	3	10	5.32300997913841
vir_0212	8	38	2.70805020110221	1.94591014905531	14	3	7	5	5	7	7	9	3	7	5	2	1	60	30	2.99071973173045	1.93152141160321	4.14313472639153	4.24849524204936	2.18605127673809	7	22	11	3	10	5.27299955856375
vir_0215	8	39	2.63905732961526	1.60943791243410	14	1	3	5	5	3	5	9	3	7	5	1	1	65	25	3.25037449192757	3.25809653802148	4.20469261939097	4.06044301054642	2.46809953147162	7	20	10	5	1	5.54126354515843
vir_0216	8	37	2.83321334405622	2.07944154167984	14	3	7	3	3	7	7	9	5	7	5	1	1	55	19	2.49320545260270	2.47653840011748	4.29045944114839	4.18965474202643	2.16332302566054	7	20	10	3	10	5.07517381523383
vir_0217	8	39	2.70805020110221	1.94591014905531	12	3	7	3	3	7	5	9	5	7	5	1	1	53	22	2.18605127673809	2.66025953726586	4.44265125649032	4.39444915467244	2.50143595173921	7	20	10	3	10	5.13579843705026
vir_0218	8	39	3.09104245335832	2.30258509299405	13	1	3	3	3	3	5	9	5	7	5	1	2	60	22	3.12236492448736	3.11351530921037	4.20469261939097	3.46573590279973	1.74046617484050	7	21	10	3	1	5.24702407216049
vir_0220	8	39	2.63905732961526	0	12	1	3	5	3	3	5	9	3	1	5	1	2	60	21	2.87919845729804	2.72129542785223	3.91202300542815	3.87120101090789	2.16332302566054	7	21	11	5	1	5.29831736654804
vir_0221	8	39	2.63905732961526	1.79175946922806	17	2	3	3	5	3	7	9	3	7	5	1	1	50	20	2.53369681395743	2.67414864942653	3.95124371858143	3.43398720448515	1.64865862558738	7	20	8	5	10	5.34710753071747
vir_0222	8	38	2.70805020110221	1.94591014905531	16	2	3	5	5	3	5	7	3	7	5	1	1	60	27	1.97408102602201	1.41098697371026	2.89037175789616	2.48490664978800	0.336472236621213	7	23	11	3	10	5.19295685089021
vir_0225	8	39	2.77258872223978	2.30258509299405	11	3	7	5	5	7	7	5	3	1	5	2	2	50	31	2.50959926237837	1.80828877117927	3.63758615972639	3.40119738166216	1.80828877117927	7	20	9	3	10	5.48063892334199
vir_0226	8	39	3.09104245335832	2.56494935746154	12	1	3	5	5	3	7	7	3	1	5	1	2	56	32	2.14006616349627	2.91235066461494	3.80666248977032	3.97029191355212	2.38876278923510	7	21	10	5	1	5.52146091786225
vir_0227	7	39	2.70805020110221	1.60943791243410	12	2	3	5	7	3	7	7	3	1	5	1	2	60	21	2.28238238567653	2.88480071284671	4.21950770517611	4.41884060779660	2.72129542785223	7	22	11	3	10	5.37063802812766
vir_0229	8	35	2.99573227355399	2.19722457733622	13	1	3	5	5	3	7	9	3	7	5	1	2	50	21	1.97408102602201	2.48490664978800	3.76120011569356	3.87120101090789	2.24070968927596	7	23	12	5	1	5.50125821054473
vir_0230	8	41	2.94443897916644	2.48490664978800	14	3	7	5	5	7	5	9	3	7	5	1	1	56	25	2.42480272571830	2.12823170584927	3.87120101090789	3.89182029811063	1.94591014905531	7	19	8	3	10	5.04342511691925
vir_0231	8	39	2.77258872223978	1.94591014905531	14	3	7	5	5	7	9	9	3	7	5	1	2	55	21	2.65324196460722	2.38876278923510	4.27666611901606	4.23410650459726	2.28238238567653	7	20	10	5	10	5.01063529409626
vir_0232	8	39	2.70805020110221	2.19722457733622	16	3	5	5	5	7	7	9	3	7	5	1	1	60	27	2.98568193770049	2.24070968927596	4.06044301054642	3.93182563272433	2.31253542384721	7	16	8	3	10	5.24702407216049
vir_0233	7	40	2.70805020110221	2.19722457733622	15	3	3	5	5	3	7	9	5	1	5	1	2	57	25	2.63905732961526	2.90142159408275	4.09434456222210	3.97029191355212	2.38876278923510	7	24	11	3	10	5.52146091786225
vir_0234	7	40	2.70805020110221	2.30258509299405	16	2	3	5	5	3	5	9	5	1	5	2	1	60	22	2.24070968927596	2.62466859216316	4.06044301054642	4.09434456222210	2.12823170584927	7	23	11	3	10	5.24702407216049
vir_0235	7	40	3.04452243772342	2.70805020110221	17	3	7	5	3	7	5	7	5	1	5	1	2	53	25	2.74727091425549	2.17475172148416	3.97029191355212	4.02535169073515	1.75785791755237	7	15	8	3	10	5.01063529409626
vir_0236	8	40	2.99573227355399	2.56494935746154	16	1	3	3	5	3	7	9	5	7	5	2	2	60	21	2.55722731136763	3.09557760852371	4.30406509320417	4.21950770517611	2.62466859216316	7	20	10	5	1	5.48063892334199
vir_0237	8	39	3.33220451017520	2.99573227355399	17	2	3	3	3	3	7	9	5	7	5	1	2	53	23	2.47653840011748	2.89591193827178	4.07753744390572	4.14313472639153	2.40694510831829	7	19	10	3	10	5.34710753071747
vir_0238	8	37	2.83321334405622	2.48490664978800	19	2	5	5	5	7	5	7	3	7	5	1	2	62	31	2.66722820658196	3.36037538714190	4.34380542185368	4.30406509320417	2.50959926237837	7	24	11	5	10	5.01063529409626
vir_0239	8	40	3.04452243772342	2.77258872223978	13	1	3	3	7	3	9	9	5	7	5	1	2	50	20	3.33220451017520	3.84160054113160	4.27666611901606	4.34380542185368	3.52046080248897	5	30	15	5	1	5.99146454710798
vir_0240	8	39	2.77258872223978	2.07944154167984	15	2	3	5	5	3	9	7	5	1	5	1	1	70	23	3.24649099190117	3.56671182013973	4.35670882668959	4.62497281328427	3.18221184049661	7	20	10	3	10	5.34710753071747
vir_0241	7	36	2.89037175789616	2.19722457733622	11	3	7	5	5	7	7	7	5	1	5	1	1	50	20	1.87180217690159	2.32238772029023	3.97029191355212	4.14313472639153	1.96009478404727	7	20	9	3	10	5.48063892334199
vir_0242	8	39	2.70805020110221	1.60943791243410	14	1	3	3	5	3	7	9	5	1	7	1	2	60	17	3.20274644293832	3.56388296393925	4.49980967033027	4.53259949315326	2.95491027903374	7	21	10	5	1	5.34710753071747
vir_0243	8	39	3.09104245335832	2.63905732961526	14	1	3	5	5	3	5	9	5	1	7	1	2	56	15	3.02529107579554	3.61630876127910	4.79579054559674	4.56434819146784	2.72129542785223	7	21	10	5	1	5.01063529409626
vir_0244	8	39	3.09104245335832	2.63905732961526	16	1	3	3	5	3	7	9	5	7	5	2	2	56	17	2.66722820658196	2.96010509591084	4.18965474202643	4.04305126783455	2.52572864430826	7	23	11	5	1	5.56068163101553
vir_0245	7	33	3.09104245335832	2.07944154167984	16	3	3	5	7	3	5	9	5	7	5	2	1	52	17	2.90690105984738	3.44041809481544	4.55387689160054	4.82831373730230	3.05870707271538	7	22	12	3	10	5.43807930892320
vir_0246	8	32	3.09104245335832	2.56494935746154	10	3	7	5	3	7	9	7	5	1	5	1	1	46	20	1.25276296849537	2.02814824729229	3.73766961828337	3.98898404656427	1.80828877117927	7	18	8	3	10	4.86753445045558
vir_0249	8	37	3.40119738166216	2.99573227355399	20	2	3	3	3	3	7	7	5	1	5	1	2	65	17	2.78501124223834	3.53805656437935	4.64439089914137	2.78501124223834	2.80336038090654	7	17	7	5	10	5.27299955856375
vir_0250	8	39	3.33220451017520	2.99573227355399	19	3	5	3	3	7	7	9	5	1	5	1	2	68	22	3.29583686600433	3.29212628660779	4.60517018598809	4.84418708645859	2.90142159408275	7	19	9	3	10	5.13579843705026
vir_0251	8	40	3.29583686600433	3.04452243772342	21	1	3	3	3	3	7	9	5	1	5	1	2	56	20	2.55722731136763	3.61361696961339	4.58496747867057	4.77068462446567	3.22286784613774	7	20	10	5	1	5.52146091786225
vir_0252	8	40	3.29583686600433	3.04452243772342	20	1	3	3	5	3	7	9	5	1	5	2	2	57	26	2.63905732961526	3.46573590279973	4.54329478227000	4.58496747867057	3.14415227867226	7	23	10	5	1	5.39362754635236
vir_0253	8	40	3.29583686600433	3.04452243772342	9	3	7	3	3	7	7	9	5	1	5	2	2	50	23	1.70474809223843	2.09186406167839	3.71357206670431	4.15888308335967	1.90210752639692	7	17	8	5	10	4.78749174278205
vir_0254	8	39	3.33220451017520	3.09104245335832	18	2	3	3	3	3	7	9	5	1	5	2	2	50	27	1.80828877117927	2.33214389523559	3.49650756146648	3.93182563272433	1.97408102602201	7	19	8	3	10	5.29831736654804
vir_0256	8	39	3.33220451017520	2.94443897916644	18	1	3	5	5	3	9	9	5	1	5	2	2	62	20	3.52929738428947	3.20274644293832	4.66343909411207	4.64439089914137	3.08190996979504	7	20	10	5	1	5.34710753071747
vir_0257	8	39	3.33220451017520	2.94443897916644	17	3	7	5	5	7	9	9	3	7	5	2	2	66	25	2.06686275947298	1.94591014905531	3.93182563272433	4.15888308335967	2.25129179860650	7	18	10	3	10	5.07517381523383
vir_0299	8	37	2.77258872223978	2.30258509299405	21	3	7	3	5	7	9	7	3	1	5	2	2	55	15	3.05870707271538	2.83907846350861	4.02535169073515	3.98898404656427	2.73436750941958	7	21	10	3	10	5.27299955856375
vir_0300	8	35	2.83321334405622	2.30258509299405	9	3	7	3	3	7	3	7	5	1	5	1	2	40	16	1.90210752639692	3.13113691056019	4.48863636973214	4.49980967033027	2.76000994003292	7	17	7	5	10	5.04342511691925
vir_0301	8	36	2.89037175789616	2.48490664978800	9	3	7	5	3	7	3	7	5	1	5	1	2	36	17	1.30833281965018	2.15176220325946	3.68887945411394	3.78418963391826	1.91692261218206	7	17	9	3	10	5.07517381523383
vir_0302	8	39	3.09104245335832	2.77258872223978	11	1	3	5	5	3	7	9	5	1	5	1	2	43	19	2.12823170584927	3.27336401015227	4.77068462446567	4.82028156560504	2.77881927199042	7	20	10	5	1	5.04342511691925
vir_0303	8	42	3.04452243772342	2.89037175789616	11	1	3	3	5	3	9	9	5	1	7	1	2	53	19	3.71843825635548	3.34286180464919	4.29045944114839	4.21950770517611	3.10906095886099	7	23	12	3	1	5.68697535633982
vir_0306	8	39	2.63905732961526	2.39789527279837	12	1	3	5	3	3	7	7	3	1	7	2	2	42	19	1.60943791243410	2.52572864430826	4.15888308335967	4.09434456222210	2.23001440015921	7	16	7	5	1	4.97673374242057
vir_0308	8	39	2.77258872223978	2.48490664978800	14	1	3	3	3	3	7	7	3	1	7	2	2	43	22	2.04122032885964	2.32238772029023	3.68887945411394	4.00733318523247	2.02814824729229	7	20	10	3	1	4.97673374242057
vir_0312	8	37	2.70805020110221	2.19722457733622	14	1	3	3	3	3	7	9	3	7	5	1	1	47	19	1.60943791243410	2.72785282839839	4.12713438504509	4.20469261939097	2.39789527279837	7	20	10	3	10	5.07517381523383
vir_0313	8	39	2.56494935746154	2.07944154167984	15	3	3	3	3	7	5	9	3	1	5	1	1	40	17	1.91692261218206	2.73436750941958	4.24849524204936	4.30406509320417	2.05412373369555	7	18	8	3	10	4.74493212836325
vir_0314	8	37	2.77258872223978	2.30258509299405	17	3	7	3	3	7	3	9	3	7	5	1	2	35	13	0.955511445027437	1.90210752639692	3.58351893845611	3.58351893845611	1.52605630349505	7	18	9	3	10	4.94164242260930
vir_0315	8	39	2.63905732961526	2.30258509299405	17	3	7	5	3	7	3	9	3	1	5	1	2	31	19	0.405465108108164	1.33500106673234	3.21887582486820	3.29583686600433	0.916290731874155	7	15	8	3	10	4.74493212836325
vir_0325	8	41	2.48490664978800	2.19722457733622	14	2	3	3	5	3	9	9	3	1	5	1	2	60	20	3.48737507790321	4.16355963124357	4.96284463025991	5.19295685089021	3.77963381738240	7	25	12	3	10	5.59842195899838
vir_0328	9	26	1.79175946922806	2.19722457733622	14	1	3	3	3	3	7	5	5	1	5	2	2	52	26	2.04122032885964	2.43361335540045	3.87120101090789	3.85014760171006	2.06686275947298	7	22	10	3	1	5.41610040220442
vir_0336	8	40	2.56494935746154	2.07944154167984	15	2	3	3	7	3	5	9	5	7	5	2	2	65	21	3.38777436133001	3.20680324363393	4.65396035015752	4.15888308335967	2.98061863574394	7	21	12	3	10	5.78382518232974
vir_0340	8	39	2.77258872223978	2.39789527279837	12	1	3	3	5	3	9	7	5	7	5	2	1	60	21	3.14415227867226	4.01277290852829	4.79579054559674	4.80402104473326	3.66867674679642	7	23	12	5	1	5.73657229747919
vir_0345	8	39	2.63905732961526	2.07944154167984	12	2	3	3	5	3	9	7	5	7	5	2	2	60	17	3.03495298670727	3.62167070442049	4.49980967033027	4.36944785246702	2.97041446556970	7	20	10	3	10	5.63478960316925
vir_0359	8	38	2.70805020110221	2.07944154167984	15	1	3	3	5	3	9	9	5	1	5	2	2	55	20	2.74727091425549	3.05400118167797	3.97029191355212	3.91202300542815	2.55722731136763	7	21	10	5	1	5.48063892334199
vir_0360	8	39	2.63905732961526	2.07944154167984	15	2	3	3	5	3	7	9	5	7	5	2	2	55	28	2.95491027903374	2.52572864430826	3.82864139648910	3.93182563272433	2.57261223020711	7	21	11	3	10	5.57972982598622
vir_0363	8	39	2.70805020110221	2.30258509299405	13	2	3	5	3	3	9	9	5	7	5	1	2	56	30	3.08190996979504	3.12676053596040	4.46590811865458	4.35670882668959	3.00071981506503	7	21	11	5	10	5.48063892334199
vir_0370	8	39	2.63905732961526	2.19722457733622	14	3	7	5	5	7	9	9	5	1	5	2	2	56	26	2.05412373369555	2.92316158071916	3.97029191355212	4.06044301054642	2.45100509811232	7	20	10	3	10	5.50125821054473
vir_0371	8	39	2.56494935746154	2.07944154167984	12	2	3	5	5	3	9	9	5	7	5	2	1	55	20	2.07944154167984	3.32862668882732	4.41884060779660	4.68213122712422	3.03013370027132	7	25	12	3	10	5.29831736654804
vir_0372	8	38	2.63905732961526	2.19722457733622	13	1	3	5	5	3	9	9	5	7	5	2	1	60	23	3.02042488614436	3.21887582486820	4.44265125649032	4.00733318523247	2.96527306606928	7	21	10	3	1	5.34710753071747
vir_0373	8	39	2.56494935746154	1.94591014905531	15	2	3	5	5	3	3	9	5	7	5	2	1	50	25	2.97041446556970	3.03495298670727	3.89182029811063	4.36944785246702	2.61739583283408	7	23	11	3	10	5.24702407216049
vir_0374	8	41	2.56494935746154	2.30258509299405	15	2	3	5	5	3	9	9	5	7	5	1	2	60	20	3.61630876127910	3.26575941076705	4.91265488573605	4.86753445045558	3.32503602069659	7	19	9	3	10	5.24702407216049
vir_0375	8	39	2.70805020110221	2.30258509299405	15	1	3	5	5	3	7	9	5	7	5	2	1	65	25	3.19867311755068	3.99083418585244	4.40671924726425	4.45434729625351	3.28466356540620	7	23	11	5	1	5.48063892334199
vir_0376	8	39	2.70805020110221	2.19722457733622	15	1	3	5	5	3	5	7	3	1	5	1	2	56	22	2.45100509811232	3.23867845216438	3.80666248977032	3.40119738166216	2.02814824729229	7	23	10	5	1	5.54126354515843
vir_0377	8	39	3.04452243772342	2.63905732961526	17	3	5	5	5	7	5	9	5	7	5	2	1	55	25	2.64617479738412	3.03013370027132	4.15888308335967	4.35670882668959	2.48490664978800	7	20	8	3	10	5.13579843705026
vir_0378	8	40	2.99573227355399	2.63905732961526	17	3	3	5	5	3	5	9	5	7	5	1	2	60	31	3.21084365317094	2.97041446556970	4.15888308335967	3.93182563272433	2.74727091425549	7	20	11	3	10	5.59842195899838
vir_0380	8	41	2.94443897916644	2.56494935746154	15	3	5	3	5	7	5	9	5	7	5	2	1	65	30	3.06339092202781	2.54160199346455	3.82864139648910	4.11087386417331	2.15176220325946	7	20	10	3	10	5.24702407216049
vir_0381	8	40	2.99573227355399	2.56494935746154	15	2	3	5	3	3	5	7	5	1	5	2	2	50	24	2.07944154167984	2.05412373369555	3.63758615972639	3.33220451017520	1.64865862558738	7	20	9	3	10	5.29831736654804
vir_0382	8	39	2.63905732961526	2.07944154167984	13	2	3	5	5	3	5	7	5	7	5	2	2	60	19	3.13983261752775	3.40784192438082	4.18965474202643	3.87120101090789	2.51769647261099	7	25	11	3	10	5.70378247465620
vir_0383	8	39	2.56494935746154	1.94591014905531	13	1	3	5	7	3	5	9	5	7	5	2	2	56	20	2.87919845729804	3.83729945923221	4.07753744390572	4.07753744390572	3.05870707271538	5	24	12	3	1	6.07534603108868
vir_0400	9	31	2.19722457733622	2.48490664978800	18	2	3	5	3	3	9	9	5	7	5	2	2	55	25	3.30688670219091	3.40784192438082	4.06044301054642	4.54329478227000	2.94443897916644	7	20	10	5	1	5.34710753071747
vir_0407	8	40	3.55534806148941	3.09104245335832	19	3	7	3	3	7	3	9	5	7	5	1	1	55	27	2.54944517092557	2.99071973173045	3.82864139648910	3.73766961828337	2.10413415427021	7	20	11	3	10	5.24702407216049
vir_0408	8	39	2.77258872223978	2.30258509299405	13	1	3	3	5	3	3	9	5	7	5	2	2	56	22	3.38439026334577	3.82209829790016	4.93447393313069	4.99721227376412	3.19047635034650	7	20	10	5	1	5.29831736654804
vir_0409	8	39	2.77258872223978	2.30258509299405	11	1	3	5	3	3	3	9	5	1	5	1	1	45	19	2.07944154167984	2.52572864430826	4.53259949315326	4.36944785246702	2.01490302054226	7	19	10	3	1	4.70048036579242
vir_0412	8	36	2.83321334405622	1.79175946922806	13	3	7	5	3	7	3	9	5	1	5	1	1	35	17	0.832909122935104	0.587786664902119	2.89037175789616	1.60943791243410	-1.60943791243410	7	17	8	3	10	4.70048036579242
vir_0413	8	36	2.83321334405622	1.94591014905531	12	3	7	5	3	7	3	9	5	1	5	1	1	33	20	0.832909122935104	0.875468737353900	3.09104245335832	2.39789527279837	-0.223143551314210	7	17	8	3	10	4.70048036579242
vir_0414	8	35	2.83321334405622	1.79175946922806	12	3	7	5	3	7	3	9	5	1	5	1	1	35	17	1.60943791243410	1.13140211149110	3.36729582998647	2.89037175789616	0.336472236621213	7	16	7	3	14	4.70048036579242
vir_0453	9	34	2.56494935746154	1.79175946922806	15	1	3	3	7	3	3	9	5	1	5	1	1	43	27	2.61006979274201	0.693147180559945	1.09861228866811	0.693147180559945	-0.356674943938732	5	25	14	5	1	5.39362754635236
vir_0454	8	39	2.56494935746154	1.79175946922806	15	1	3	3	5	3	3	9	5	7	5	1	2	50	26	2.15176220325946	1.84054963339749	2.89037175789616	2.19722457733622	0.832909122935104	5	25	13	3	1	5.56068163101553
vir_0464	8	39	2.63905732961526	1.94591014905531	12	3	5	5	3	7	7	9	5	7	7	2	1	50	24	2.74727091425549	1.85629799036563	3.33220451017520	3.25809653802148	1.45861502269952	7	19	10	3	10	5.24702407216049
vir_0467	9	37	2.56494935746154	1.79175946922806	15	1	3	3	7	3	5	9	5	7	7	2	1	60	20	2.79116510781272	3.16547504814109	3.68887945411394	3.25809653802148	2.19722457733622	5	25	13	5	1	5.96614673912369
vir_0471	8	36	2.83321334405622	1.94591014905531	14	3	7	5	5	7	3	9	5	7	7	2	1	60	17	3.10906095886099	2.83321334405622	4.47733681447821	3.89182029811063	2.46809953147162	7	21	10	3	10	5.52146091786225
vir_0472	8	36	2.89037175789616	2.07944154167984	14	3	7	3	5	7	3	9	5	7	7	1	1	45	17	2.63905732961526	2.07944154167984	3.87120101090789	3.43398720448515	1.64865862558738	7	19	8	3	10	5.34710753071747
vir_0473	8	37	2.89037175789616	2.19722457733622	12	3	3	3	5	3	7	9	5	7	7	1	2	56	20	2.37024374146786	2.43361335540045	3.82864139648910	3.61091791264422	2.27212588550934	7	18	9	5	10	5.54126354515843
vir_0474	8	39	2.77258872223978	2.30258509299405	12	3	7	3	5	7	3	9	5	7	7	1	2	50	20	2.93385686983590	2.80336038090654	3.87120101090789	3.73766961828337	2.11625551480255	7	25	12	3	10	5.52146091786225
vir_0482	8	39	2.63905732961526	1.94591014905531	14	3	7	5	3	7	3	7	5	1	5	1	1	52	22	2.19722457733622	2.37954613413017	3.80666248977032	3.76120011569356	1.98787434815435	7	21	11	3	10	5.07517381523383
vir_0483	8	39	2.63905732961526	1.94591014905531	14	3	7	5	3	7	3	9	5	7	5	2	2	52	20	1.87180217690159	2.00148000021012	3.13549421592915	3.04452243772342	1.19392246847243	7	20	9	3	10	5.41610040220442
vir_0533	8	39	2.63905732961526	1.79175946922806	14	1	3	5	7	3	5	9	5	7	7	2	1	60	20	3.31418600467253	3.96461545554732	4.34380542185368	3.95124371858143	3.06805293513362	5	25	14	5	1	6.16331480403464
vir_0535	8	39	2.63905732961526	1.94591014905531	13	1	3	3	5	3	3	9	5	7	5	2	2	55	26	2.54160199346455	1.85629799036563	2.99573227355399	2.94443897916644	1.77495235091167	5	25	13	5	1	5.84354441703136
vir_0539	8	39	2.70805020110221	2.07944154167984	15	3	7	3	5	7	5	9	5	7	7	2	1	62	30	2.77881927199042	2.63188884013665	3.55534806148941	2.63905732961526	1.38629436111989	7	21	11	3	10	5.66988092298052
vir_0540	9	40	2.94443897916644	2.30258509299405	12	3	7	5	5	7	5	9	5	7	7	2	2	52	21	2.65324196460722	3.05400118167797	3.80666248977032	3.66356164612965	2.38876278923510	7	22	11	3	10	5.56068163101553
vir_0542	8	39	2.63905732961526	2.07944154167984	15	1	3	3	5	3	5	9	5	7	5	2	1	50	23	2.44234703536920	2.58021682959233	3.46573590279973	3.36729582998647	2.09186406167839	7	21	11	5	1	5.57972982598622
vir_0543	9	29	1.38629436111989	1.94591014905531	15	1	3	5	3	3	9	9	5	7	5	2	2	45	20	3.04452243772342	2.21920348405499	3.40119738166216	3.43398720448515	2.02814824729229	7	23	12	5	1	5.50125821054473
vir_0545	8	39	2.56494935746154	1.79175946922806	14	1	3	3	3	3	7	9	5	7	5	2	2	53	20	2.83321334405622	2.94443897916644	4.43081679884331	4.55387689160054	2.80940269536250	7	22	9	5	1	5.29831736654804
vir_0584	8	39	2.56494935746154	1.94591014905531	14	1	3	3	5	3	5	9	5	7	5	2	2	60	21	2.90142159408275	3.07731226054641	4.21950770517611	4.06044301054642	2.65324196460722	7	24	13	3	1	5.73657229747919
vir_0586	8	40	2.56494935746154	2.07944154167984	14	1	3	3	5	3	9	9	5	7	5	1	2	56	24	3.47196645255036	3.93182563272433	4.55387689160054	4.77068462446567	3.33220451017520	7	21	11	5	1	5.61677109766657
vir_0587	8	36	2.83321334405622	1.94591014905531	16	3	7	5	3	7	7	7	5	7	5	2	2	55	24	2.53369681395743	2.54160199346455	3.87120101090789	3.91202300542815	2.16332302566054	7	22	10	3	10	5.29831736654804
vir_0588	8	39	2.70805020110221	2.19722457733622	14	3	3	3	3	3	9	7	5	7	5	2	1	67	26	3.26956893918372	2.96010509591084	4.11087386417331	3.97029191355212	2.67414864942653	7	22	10	3	10	5.65248918026865
vir_0589	8	39	2.70805020110221	2.07944154167984	17	1	3	3	7	3	5	7	5	7	7	2	1	56	20	3.43398720448515	1.74046617484050	4.12713438504509	3.55534806148941	2.38876278923510	5	26	13	3	1	5.85793315448346
vir_0597	8	39	2.70805020110221	2.07944154167984	13	3	3	3	3	3	7	7	5	7	7	2	2	52	26	2.58021682959233	3.34638914516716	4.48863636973214	3.82864139648910	2.68784749378469	7	20	10	5	10	5.68697535633982
vir_0601	8	39	2.56494935746154	1.60943791243410	16	3	3	5	5	3	5	7	5	7	7	2	1	53	23	2.63905732961526	2.47653840011748	3.43398720448515	3.13549421592915	2.14006616349627	5	25	12	5	10	5.61677109766657
vir_0605	8	39	2.56494935746154	1.79175946922806	14	1	3	3	5	3	5	7	5	7	7	2	1	56	21	2.91235066461494	3.08648663682246	3.82864139648910	3.68887945411394	2.54160199346455	7	25	12	3	1	5.75257263882563
vir_0623	8	39	2.63905732961526	1.94591014905531	14	1	3	3	3	3	7	3	7	7	7	1	2	47	19	1.72276659774110	2.33214389523559	3.63758615972639	3.25809653802148	1.85629799036563	7	20	8	5	1	5.43807930892320
vir_0626	8	37	2.89037175789616	2.07944154167984	16	3	5	3	3	7	5	3	7	7	7	1	2	62	25	3.08648663682246	2.98568193770049	3.49650756146648	3.13549421592915	2.29253475714054	5	25	13	3	10	6.04025471127741
vir_0627	8	39	2.63905732961526	1.79175946922806	16	1	3	5	5	3	9	3	7	7	7	2	2	56	18	3.21887582486820	2.78501124223834	4.21950770517611	3.78418963391826	2.54944517092557	5	25	12	3	1	5.73657229747919
vir_0628	8	39	2.77258872223978	2.30258509299405	17	3	5	5	5	7	7	3	7	7	5	2	1	50	13	3.38099467434464	3.30688670219091	4.61512051684126	4.39444915467244	2.83907846350861	7	20	8	5	1	5.39362754635236
vir_0632	9	38	2.56494935746154	1.60943791243410	17	1	3	3	5	3	5	9	5	7	5	1	1	45	16	3.25809653802148	3.56671182013973	4.40671924726425	4.23410650459726	2.70805020110221	7	20	10	5	1	5.61677109766657
vir_0633	8	39	2.56494935746154	1.94591014905531	15	1	3	5	5	3	5	5	7	7	5	2	2	56	27	1.84054963339749	2.71469474382088	3.55534806148941	2.89037175789616	2.28238238567653	5	25	13	5	1	6.04025471127741
vir_0634	8	39	2.63905732961526	1.79175946922806	17	1	3	3	5	3	7	9	7	7	5	2	2	55	17	3.51452606696916	3.18635263316264	4.24849524204936	3.76120011569356	2.61739583283408	5	23	12	5	1	5.95324333428779
vir_0635	8	39	2.77258872223978	2.07944154167984	17	3	5	5	5	7	5	9	7	7	7	2	2	53	26	2.31253542384721	2.06686275947298	3.04452243772342	2.99573227355399	1.38629436111989	7	25	11	3	10	5.39362754635236
vir_0638	8	39	2.77258872223978	2.19722457733622	15	3	5	5	5	7	7	9	7	7	7	2	2	53	25	1.64865862558738	2.77258872223978	3.87120101090789	4.00733318523247	2.34180580614733	7	21	10	3	10	5.41610040220442
vir_0641	9	38	2.63905732961526	1.94591014905531	16	1	3	3	5	3	5	9	7	7	5	2	2	46	19	3.01553490085017	3.41114771251532	4.30406509320417	3.68887945411394	2.74727091425549	7	22	12	5	1	5.82894561761021
vir_0642	8	39	2.77258872223978	2.48490664978800	12	3	5	5	5	7	7	9	7	7	5	1	2	48	24	1.97408102602201	2.16332302566054	3.29583686600433	3.21887582486820	1.50407739677627	7	22	10	3	10	5.43807930892320
vir_0643	8	39	2.63905732961526	2.07944154167984	14	1	3	5	5	3	9	9	5	7	5	2	1	56	26	2.52572864430826	2.66025953726586	3.76120011569356	3.17805383034795	2.07944154167984	7	26	12	5	1	6.00388706710654
vir_0647	9	38	2.07944154167984	2.56494935746154	15	1	3	3	5	3	5	9	5	7	7	1	1	50	21	3.18221184049661	0.993251773010283	2.48490664978800	1.60943791243410	-0.223143551314210	7	21	10	5	1	5.29831736654804
vir_0668	8	39	2.63905732961526	2.30258509299405	10	3	5	5	5	7	5	7	5	7	5	2	1	50	21	1.64865862558738	1.79175946922806	2.94443897916644	3.17805383034795	1.38629436111989	7	24	12	5	10	5.27299955856375
vir_0669	8	39	2.63905732961526	2.07944154167984	18	1	3	3	5	3	5	7	5	7	5	2	1	60	21	3.25424296870549	3.05400118167797	3.85014760171006	3.43398720448515	2.37954613413017	5	25	13	3	1	5.81413053182507
vir_0670	8	39	2.63905732961526	2.30258509299405	12	3	5	5	5	7	3	9	5	7	5	1	1	45	29	1.91692261218206	0.405465108108164	1.38629436111989	1.50407739677627	-0.798507696217772	7	22	11	3	10	5.94017125272043
vir_0676	8	39	2.63905732961526	1.79175946922806	17	1	3	5	5	3	3	9	5	7	7	2	1	55	26	2.93916192206560	1.74046617484050	2.48490664978800	1.38629436111989	0.832909122935104	5	40	9	5	1	5.99146454710798
vir_0691	8	34	2.94443897916644	1.94591014905531	14	3	5	3	5	7	5	9	5	7	5	2	1	45	18	1.88706964903238	1.75785791755237	3.52636052461616	3.55534806148941	1.06471073699243	7	19	7	3	10	4.65396035015752
vir_0704	7	40	2.63905732961526	1.94591014905531	13	3	5	5	5	7	7	9	5	7	5	1	1	53	19	2.59525470695687	2.32238772029023	3.97029191355212	3.78418963391826	1.82454929205105	7	20	10	3	10	5.19295685089021
vir_0735	8	34	2.94443897916644	1.94591014905531	13	3	5	5	3	7	7	7	5	7	7	2	1	45	17	1.45861502269952	2.02814824729229	3.58351893845611	3.89182029811063	1.58923520511658	7	20	8	3	14	5.04342511691925
vir_0736	7	35	2.94443897916644	1.94591014905531	13	3	7	5	3	7	9	9	5	7	7	2	1	55	18	1.88706964903238	2.76000994003292	4.41884060779660	4.60517018598809	2.38876278923510	7	19	9	3	10	4.97673374242057
vir_0737	8	34	2.89037175789616	1.94591014905531	15	3	5	3	3	7	7	7	3	7	5	2	1	45	17	1.33500106673234	2.57261223020711	4.20469261939097	4.15888308335967	2.11625551480255	7	18	9	3	14	5.01063529409626
vir_0738	8	39	2.77258872223978	2.19722457733622	18	3	3	5	5	3	5	7	3	7	5	2	2	60	27	2.45958884180371	2.48490664978800	3.63758615972639	3.09104245335832	1.66770682055808	7	25	11	3	10	5.41610040220442
vir_0742	7	35	2.94443897916644	1.94591014905531	13	3	7	5	5	7	9	7	3	7	5	2	2	50	19	1.60943791243410	2.45958884180371	3.85014760171006	4.02535169073515	2.04122032885964	7	18	8	3	10	5.13579843705026
vir_0765	8	35	2.83321334405622	2.07944154167984	13	3	7	5	5	7	9	9	3	7	5	2	2	55	17	1.74046617484050	2.45958884180371	4.00733318523247	3.89182029811063	1.98787434815435	7	18	8	3	10	4.97673374242057
vir_0773	8	39	3.04452243772342	2.56494935746154	11	3	7	5	3	3	7	9	5	1	5	1	1	40	21	1.45861502269952	1.52605630349505	3.63758615972639	3.40119738166216	0.993251773010283	7	15	6	3	10	4.74493212836325
vir_0774	8	39	2.63905732961526	1.79175946922806	17	1	3	3	7	3	9	9	5	1	5	2	1	60	27	2.34180580614733	2.29253475714054	3.25809653802148	2.70805020110221	1.54756250871601	7	25	12	5	1	6.02827852023070
vir_0776	8	40	2.48490664978800	1.38629436111989	19	1	3	3	5	3	9	9	5	1	5	2	1	63	27	2.98061863574394	2.34180580614733	3.13549421592915	2.83321334405622	2.00148000021012	5	26	15	5	1	6.02827852023070
vir_0787	8	43	3.17805383034795	3.13549421592915	16	3	5	5	5	7	9	9	5	1	5	2	2	56	30	2.23001440015921	0.693147180559945	2.30258509299405	2.39789527279837	1.09861228866811	7	20	11	5	14	5.66988092298052
vir_0794	8	42	3.04452243772342	2.70805020110221	20	1	3	3	5	3	9	9	5	7	7	2	2	60	30	2.62466859216316	2.53369681395743	3.04452243772342	2.77258872223978	2.05412373369555	5	24	13	3	1	6.09807428216624
vir_0795	8	41	3.09104245335832	2.89037175789616	17	3	3	5	3	7	9	9	3	1	5	1	2	53	26	2.16332302566054	2.37954613413017	3.58351893845611	3.33220451017520	1.94591014905531	7	22	11	3	10	5.41610040220442
vir_0796	8	39	3.04452243772342	2.48490664978800	12	3	3	5	3	3	3	9	3	7	5	1	1	50	25	2.37024374146786	2.33214389523559	3.76120011569356	3.66356164612965	1.90210752639692	7	20	9	3	10	5.39362754635236
vir_0797	8	37	3.13549421592915	2.48490664978800	14	1	3	5	3	3	3	9	3	1	5	2	2	50	22	2.12823170584927	1.88706964903238	3.61091791264422	3.29583686600433	1.30833281965018	7	16	6	5	1	5.07517381523383
vir_0798	8	43	3.17805383034795	2.99573227355399	13	1	3	5	5	3	9	9	3	1	5	2	2	53	33	2.86789890204411	2.96010509591084	3.91202300542815	3.46573590279973	2.42480272571830	7	27	10	5	1	5.99146454710798
vir_0799	8	39	3.33220451017520	2.89037175789616	15	1	3	3	5	3	3	9	3	1	5	2	2	50	20	1.97408102602201	2.11625551480255	3.21887582486820	3.09104245335832	1.79175946922806	5	25	12	5	1	5.01063529409626
vir_0802	8	39	3.33220451017520	2.70805020110221	14	3	3	3	3	3	3	9	3	1	5	1	1	55	21	2.77881927199042	3.25809653802148	4.26267987704132	4.07753744390572	2.79116510781272	7	24	10	5	14	5.32300997913841
vir_0804	9	47	2.94443897916644	2.63905732961526	16	1	3	3	5	3	3	9	3	1	5	2	1	60	19	3.46573590279973	3.77045944110636	4.07753744390572	3.52636052461616	2.47653840011748	7	27	12	5	1	5.79909265446053
vir_0807	8	38	2.83321334405622	2.19722457733622	14	1	3	5	3	3	3	9	3	1	5	2	2	45	21	2.07944154167984	2.69462718077007	3.98898404656427	3.68887945411394	2.23001440015921	7	20	8	5	1	5.24702407216049
vir_0810	8	35	2.99573227355399	2.77258872223978	10	1	3	3	5	3	5	7	3	1	5	2	1	45	27	1.25276296849537	1.22377543162212	2.70805020110221	2.63905732961526	0.641853886172395	7	20	10	5	1	4.90527477843843
vir_0813	8	37	2.89037175789616	3.36729582998647	37	1	3	5	5	3	3	9	5	7	5	1	2	55	22	2.18605127673809	2.25129179860650	3.85014760171006	3.76120011569356	1.74046617484050	7	20	9	3	1	4.55387689160054
vir_0815	8	38	3.09104245335832	2.48490664978800	16	1	3	5	5	3	5	9	5	7	5	2	1	63	26	2.23001440015921	2.30258509299405	3.33220451017520	2.63905732961526	0.875468737353900	7	19	10	3	1	4.82831373730230
vir_0816	8	36	3.17805383034795	2.48490664978800	16	1	3	5	5	3	5	9	5	7	5	2	1	53	20	2.20827441352280	2.74727091425549	4.21950770517611	4.02535169073515	1.90210752639692	7	20	10	3	1	4.94164242260930
vir_0833	8	41	2.99573227355399	2.48490664978800	17	3	3	3	3	7	5	9	5	7	7	2	1	50	26	2.48490664978800	2.19722457733622	3.82864139648910	3.55534806148941	1.64865862558738	7	22	10	3	14	5.01063529409626
vir_0850	8	39	2.77258872223978	1.94591014905531	12	1	3	3	5	3	5	9	3	7	7	2	2	50	22	2.56494935746154	2.51769647261099	3.58351893845611	2.83321334405622	1.85629799036563	7	26	11	5	1	5.24702407216049
vir_0851	8	39	3.04452243772342	2.48490664978800	15	3	5	5	5	7	5	9	3	7	5	2	2	53	20	2.55722731136763	3.24649099190117	4.57471097850338	4.54329478227000	2.76631910922619	7	22	8	3	10	5.24702407216049
vir_0853	8	39	3.04452243772342	2.56494935746154	14	1	3	3	5	3	3	9	3	7	5	2	2	56	26	2.26176309847379	2.73436750941958	3.78418963391826	3.33220451017520	2.16332302566054	7	22	10	5	1	5.24702407216049
vir_0855	8	40	3.36729582998647	2.99573227355399	17	1	3	3	5	3	5	9	3	7	5	2	1	50	30	2.63905732961526	2.50959926237837	3.33220451017520	2.30258509299405	1.16315080980568	5	25	13	5	1	5.63478960316925
vir_0860	8	39	3.09104245335832	2.39789527279837	14	2	3	5	5	3	7	9	3	7	5	2	1	50	24	2.58776403522771	2.56494935746154	3.43398720448515	3.17805383034795	1.48160454092422	7	23	10	3	10	5.39362754635236
vir_0862	8	39	3.04452243772342	2.56494935746154	18	1	3	5	5	3	3	9	3	7	5	2	1	55	30	2.20827441352280	1.68639895357023	2.77258872223978	1.38629436111989	-0.223143551314210	5	27	13	3	1	5.48063892334199
vir_0876	8	40	2.70805020110221	2.19722457733622	12	2	3	3	3	3	3	9	3	1	5	1	1	43	30	0.916290731874155	0.741937344729377	2.48490664978800	2.07944154167984	0.262364264467491	7	20	11	3	10	5.10594547390058
vir_0880	8	39	2.77258872223978	2.19722457733622	16	3	3	3	3	3	3	9	5	7	7	1	1	50	26	1.70474809223843	0.832909122935104	2.48490664978800	2.07944154167984	0.182321556793955	7	22	12	3	10	5.29831736654804
vir_0881	8	39	3.04452243772342	2.56494935746154	17	2	3	5	5	3	5	9	5	7	7	2	1	60	22	2.56494935746154	2.07944154167984	3.33220451017520	2.63905732961526	1.38629436111989	7	25	12	5	10	5.63478960316925
vir_0884	8	40	2.70805020110221	2.19722457733622	14	1	3	3	7	3	5	7	5	1	5	2	1	46	21	2.46809953147162	1.41098697371026	2.77258872223978	1.79175946922806	0.0953101798043249	7	24	12	5	1	5.39362754635236
vir_0885	9	41	3.43398720448515	3.21887582486820	16	3	5	5	3	7	3	9	5	7	5	1	1	47	22	2.06686275947298	2.29253475714054	3.76120011569356	3.40119738166216	1.82454929205105	7	23	10	3	10	5.39362754635236
vir_0900	8	41	2.63905732961526	2.56494935746154	12	3	5	5	3	7	3	9	5	1	5	1	1	40	17	1.77495235091167	1.41098697371026	3.68887945411394	3.29583686600433	1.06471073699243	7	18	8	3	10	4.82831373730230
vir_0905	8	39	3.09104245335832	2.63905732961526	10	1	3	3	5	3	7	5	7	7	7	2	2	60	25	2.79116510781272	3.06339092202781	4.06044301054642	3.85014760171006	2.45100509811232	7	21	10	5	1	5.50125821054473
vir_0906	8	37	2.89037175789616	2.56494935746154	14	3	5	5	3	7	9	9	3	7	7	2	2	60	23	2.35137525716348	2.50959926237837	4.30406509320417	4.59511985013459	2.51769647261099	7	20	10	3	14	5.10594547390058
vir_0914	8	39	3.04452243772342	2.63905732961526	11	2	3	5	3	3	9	5	3	1	5	2	2	56	21	2.50143595173921	2.90690105984738	4.12713438504509	3.85014760171006	2.42480272571830	7	21	10	3	10	5.37063802812766
vir_0915	7	40	3.40119738166216	2.94443897916644	16	2	3	3	5	3	9	7	5	7	5	2	2	60	20	2.59525470695687	3.18221184049661	4.18965474202643	3.87120101090789	2.67414864942653	7	20	10	3	10	5.54126354515843
vir_0917	7	40	3.40119738166216	2.94443897916644	11	3	7	3	5	7	7	9	5	7	7	2	2	50	17	2.48490664978800	2.94443897916644	4.31748811353631	3.87120101090789	2.44234703536920	7	20	10	3	10	5.54126354515843
vir_0918	8	39	3.33220451017520	2.83321334405622	18	1	3	3	7	3	7	9	5	7	7	2	2	60	22	2.40694510831829	3.20274644293832	3.93182563272433	2.48490664978800	1.85629799036563	5	26	13	5	1	5.96614673912369
vir_0919	7	40	2.77258872223978	2.30258509299405	13	2	3	5	5	3	9	9	5	7	7	2	2	50	17	2.65324196460722	2.48490664978800	3.82864139648910	3.78418963391826	2.48490664978800	7	24	11	3	10	5.68697535633982
vir_0920	8	37	3.13549421592915	2.77258872223978	14	1	3	5	5	3	7	9	5	7	7	2	2	46	19	1.79175946922806	2.96010509591084	3.91202300542815	3.63758615972639	2.40694510831829	7	22	11	5	1	5.61677109766657
vir_0923	8	39	3.04452243772342	2.70805020110221	13	3	7	5	3	7	5	9	5	7	7	1	1	40	19	1.33500106673234	1.97408102602201	3.78418963391826	3.58351893845611	1.41098697371026	7	16	8	3	10	4.90527477843843
vir_0929	8	39	3.09104245335832	2.83321334405622	13	3	7	5	3	7	5	9	5	7	7	1	1	40	20	1.41098697371026	1.64865862558738	3.61091791264422	3.82864139648910	1.66770682055808	7	20	10	3	10	5.01063529409626
vir_0930	8	37	3.13549421592915	2.77258872223978	11	3	7	5	3	7	5	5	5	1	5	1	1	44	17	1.85629799036563	3.06339092202781	4.36944785246702	4.62497281328427	2.66025953726586	7	20	10	3	10	4.97673374242057
vir_0931	8	36	2.94443897916644	2.39789527279837	14	2	7	5	5	7	7	9	3	7	7	2	1	45	19	1.68639895357023	1.88706964903238	3.52636052461616	3.78418963391826	1.85629799036563	7	19	8	3	10	5.07517381523383
vir_0932	8	36	2.94443897916644	2.56494935746154	14	3	7	5	3	7	5	5	5	1	5	2	1	50	18	1.45861502269952	1.70474809223843	3.25809653802148	3.55534806148941	1.33500106673234	7	19	10	3	10	5.07517381523383
vir_0933	8	35	3.21887582486820	2.83321334405622	15	3	7	5	3	7	5	5	5	1	5	2	1	45	21	1.94591014905531	2.74084002392520	4.06044301054642	4.43081679884331	2.45958884180371	7	20	10	3	10	5.13579843705026
vir_0934	8	38	3.36729582998647	3.13549421592915	12	3	7	5	3	7	7	9	5	7	5	2	1	38	18	1.30833281965018	2.05412373369555	3.71357206670431	4.02535169073515	1.75785791755237	7	19	9	3	10	4.74493212836325
vir_0935	7	36	2.99573227355399	2.48490664978800	18	3	7	5	5	7	7	9	5	7	5	2	1	50	16	2.19722457733622	2.70805020110221	4.04305126783455	4.27666611901606	2.31253542384721	7	20	9	3	10	5.50125821054473
vir_0936	8	35	2.99573227355399	2.63905732961526	13	3	7	5	5	7	7	5	5	1	5	2	2	47	21	1.77495235091167	2.19722457733622	3.71357206670431	4.00733318523247	2.05412373369555	7	20	10	3	10	4.97673374242057
vir_0940	8	39	3.33220451017520	3.04452243772342	14	2	3	3	5	3	9	5	5	1	5	2	2	60	23	2.72785282839839	2.99573227355399	4.17438726989564	3.95124371858143	2.59525470695687	7	20	10	3	10	5.48063892334199
vir_0941	7	40	2.77258872223978	2.70805020110221	13	1	3	5	5	3	5	5	5	1	5	2	2	45	18	1.56861591791385	2.07944154167984	3.66356164612965	3.66356164612965	1.68639895357023	7	19	9	3	10	4.97673374242057
vir_0943	8	40	2.99573227355399	2.94443897916644	18	3	7	3	3	7	3	9	5	1	5	2	1	45	20	1.33500106673234	1.13140211149110	3.25809653802148	3.21887582486820	1.16315080980568	7	17	9	3	10	4.82831373730230
vir_0944	8	37	2.89037175789616	2.77258872223978	11	3	7	3	3	7	3	9	5	1	5	2	1	40	21	0.955511445027437	1.41098697371026	3.09104245335832	3.29583686600433	0.741937344729377	7	20	9	3	10	4.65396035015752
vir_0945	8	40	2.70805020110221	2.19722457733622	14	3	7	5	3	7	5	7	5	1	5	2	1	52	23	2.58776403522771	2.72129542785223	3.66356164612965	3.93182563272433	2.35137525716348	7	22	13	3	10	5.52146091786225
vir_0947	8	39	2.63905732961526	2.39789527279837	14	3	7	5	3	7	5	7	5	1	5	1	1	45	21	1.60943791243410	1.80828877117927	3.49650756146648	3.68887945411394	1.60943791243410	7	19	8	3	10	5.13579843705026
vir_0957	8	34	2.94443897916644	2.48490664978800	12	3	7	3	3	7	7	9	5	7	7	2	1	53	26	1.25276296849537	2.21920348405499	3.73766961828337	4.02535169073515	1.85629799036563	7	19	8	3	14	4.90527477843843
vir_0958	8	39	3.04452243772342	2.56494935746154	15	3	7	3	3	7	5	9	5	7	7	1	1	46	17	2.28238238567653	2.85647020622048	3.87120101090789	4.58496747867057	1.64865862558738	7	17	8	3	10	4.86753445045558
vir_0960	8	36	2.94443897916644	2.39789527279837	17	3	7	3	3	7	5	9	5	7	5	2	1	60	21	2.19722457733622	2.66025953726586	4.40671924726425	4.06044301054642	2.16332302566054	7	20	9	3	10	5.01063529409626
vir_0961	8	36	2.70805020110221	1.79175946922806	14	3	7	3	3	7	7	9	5	7	5	1	1	50	21	2.18605127673809	3.01553490085017	4.00733318523247	3.89182029811063	2.61006979274201	7	22	10	3	10	5.37063802812766
vir_0962	8	39	3.40119738166216	3.09104245335832	13	3	7	3	3	7	9	9	5	7	5	2	2	50	21	1.68639895357023	2.59525470695687	3.97029191355212	3.91202300542815	2.30258509299405	7	21	10	3	10	5.37063802812766
vir_0963	8	39	3.04452243772342	2.56494935746154	15	2	3	3	5	3	5	9	5	7	5	2	1	60	27	2.37954613413017	3.08648663682246	3.97029191355212	4.12713438504509	2.70136121295141	7	26	11	3	10	5.32300997913841
vir_0965	8	39	2.77258872223978	2.56494935746154	16	3	7	5	3	7	3	9	5	1	5	1	1	32	18	0.832909122935104	1.38629436111989	3.40119738166216	2.83321334405622	0.530628251062170	7	17	8	3	10	5.32300997913841
vir_0967	7	39	3.43398720448515	3.17805383034795	17	1	3	3	5	3	7	9	5	7	5	2	2	52	22	2.68784749378469	2.75366071235426	3.73766961828337	3.78418963391826	2.02814824729229	7	23	10	5	1	5.27299955856375
vir_0973	8	39	3.04452243772342	2.48490664978800	15	3	7	5	3	7	5	9	5	1	5	2	1	43	16	1.82454929205105	2.43361335540045	4.12713438504509	4.15888308335967	1.88706964903238	7	19	9	3	10	4.94164242260930
vir_0983	8	39	3.04452243772342	2.48490664978800	15	3	7	3	3	7	7	9	3	7	5	2	1	45	17	1.91692261218206	2.85070650150373	4.43081679884331	4.65396035015752	2.56494935746154	7	20	9	3	10	4.97673374242057
vir_0985	8	40	2.56494935746154	1.60943791243410	16	1	3	3	7	3	9	9	5	7	7	2	2	70	21	3.44361809754611	3.59456877464270	4.24849524204936	3.87120101090789	3.04452243772342	5	26	12	5	1	6.01615715969835
vir_0990	8	35	3.21887582486820	2.70805020110221	15	3	7	5	3	7	5	9	5	1	5	2	2	50	18	1.66770682055808	2.04122032885964	3.80666248977032	3.55534806148941	1.30833281965018	7	20	8	3	10	4.49980967033027
vir_0991	8	36	2.94443897916644	2.39789527279837	18	3	7	3	3	7	5	9	5	1	5	2	2	40	22	1.28093384546206	1.93152141160321	3.43398720448515	3.13549421592915	0.993251773010283	7	20	9	3	10	5.07517381523383
vir_0992	8	38	2.83321334405622	2.39789527279837	18	3	7	5	3	3	3	9	5	1	5	2	2	40	17	1.43508452528932	2.18605127673809	3.73766961828337	3.87120101090789	1.56861591791385	7	20	9	3	10	4.70048036579242
vir_0994	8	39	3.09104245335832	2.56494935746154	16	3	7	5	3	7	3	9	5	1	5	1	1	40	18	1.43508452528932	2.11625551480255	3.78418963391826	3.58351893845611	1.62924053973028	7	17	8	3	10	4.94164242260930
vir_0999	8	39	3.04452243772342	2.48490664978800	16	3	7	5	3	7	3	9	5	1	5	1	1	36	14	1.60943791243410	1.68639895357023	3.68887945411394	3.55534806148941	1.32175583998232	7	18	9	3	10	4.94164242260930
vir_1001	8	39	2.77258872223978	2.39789527279837	18	3	7	3	3	7	7	9	5	1	5	2	1	54	18	2.12823170584927	2.39789527279837	3.71357206670431	3.49650756146648	1.88706964903238	7	19	8	3	10	5.16478597392351
vir_1002	8	39	2.77258872223978	2.39789527279837	18	3	7	3	3	7	3	9	5	1	5	2	1	42	27	1.22377543162212	0.336472236621213	1.94591014905531	1.09861228866811	-1.60943791243410	7	18	8	3	10	5.34710753071747
vir_1003	8	39	2.77258872223978	2.39789527279837	18	3	7	3	3	7	3	9	5	1	5	2	1	40	22	1.09861228866811	0.832909122935104	2.07944154167984	2.39789527279837	0.0953101798043249	7	16	8	3	10	4.78749174278205
vir_1005	8	39	2.77258872223978	2.39789527279837	18	3	7	5	3	7	5	7	5	7	5	2	1	40	18	1.41098697371026	2.16332302566054	4.04305126783455	4.18965474202643	1.74046617484050	7	17	7	3	10	4.65396035015752
vir_1007	8	39	3.04452243772342	2.56494935746154	18	3	7	5	3	7	3	9	5	1	5	1	1	32	17	1.16315080980568	0.788457360364270	2.94443897916644	2.99573227355399	0.530628251062170	7	15	8	3	10	4.78749174278205
vir_1008	8	39	3.04452243772342	2.56494935746154	14	3	7	5	5	7	9	7	5	1	5	2	1	70	37	1.91692261218206	2.52572864430826	3.63758615972639	3.87120101090789	1.88706964903238	7	20	10	3	10	5.04342511691925
vir_1009	8	39	2.77258872223978	2.39789527279837	18	3	7	5	3	7	5	7	5	1	5	1	1	40	25	0.641853886172395	0.955511445027437	2.94443897916644	2.70805020110221	0.182321556793955	7	19	8	3	10	5.13579843705026
vir_1010	8	39	3.04452243772342	2.83321334405622	10	3	7	5	3	7	7	7	5	1	5	1	2	40	23	1.06471073699243	1.25276296849537	3.36729582998647	3.40119738166216	0.955511445027437	7	19	9	3	10	4.60517018598809
vir_1011	8	40	2.70805020110221	2.39789527279837	18	3	7	5	3	7	5	7	5	1	5	2	1	34	20	0.916290731874155	1.66770682055808	3.33220451017520	3.17805383034795	1.30833281965018	7	17	7	3	10	4.94164242260930
vir_1012	8	39	3.09104245335832	2.70805020110221	15	3	7	5	5	7	9	7	5	1	5	2	1	55	26	2.20827441352280	2.50143595173921	3.87120101090789	4.23410650459726	2.35137525716348	7	21	7	3	10	5.07517381523383
vir_1013	8	39	3.04452243772342	2.77258872223978	15	3	7	5	3	7	7	7	5	1	5	2	1	50	26	1.84054963339749	1.94591014905531	3.68887945411394	3.91202300542815	1.79175946922806	7	21	8	3	10	4.94164242260930
vir_1014	8	36	2.94443897916644	2.39789527279837	17	3	7	5	3	7	5	7	5	1	5	1	1	40	23	1.16315080980568	0.530628251062170	2.48490664978800	2.07944154167984	-0.510825623765991	7	18	9	3	10	4.86753445045558
vir_1016	8	35	2.99573227355399	2.39789527279837	17	3	7	5	3	7	3	7	5	1	5	1	1	40	22	1.30833281965018	1.87180217690159	3.68887945411394	3.95124371858143	1.50407739677627	7	19	9	3	10	4.74493212836325
vir_1019	9	40	2.94443897916644	2.56494935746154	17	3	7	3	3	7	3	7	5	1	5	2	2	37	20	0.955511445027437	1.36097655313560	3.13549421592915	3.13549421592915	1.79175946922806	7	17	7	3	10	4.94164242260930
vir_1032	8	35	2.99573227355399	2.39789527279837	17	3	7	5	3	7	5	5	5	1	5	2	1	30	20	1.02961941718116	1.36097655313560	3.13549421592915	3.09104245335832	0.587786664902119	7	17	10	3	10	4.90527477843843
vir_1033	8	37	3.13549421592915	2.56494935746154	17	3	7	5	3	7	3	7	5	1	5	1	2	45	21	2.05412373369555	2.71469474382088	4.33073334028633	4.44265125649032	2.24070968927596	7	20	9	3	10	4.90527477843843
vir_1039	8	39	2.77258872223978	2.39789527279837	16	3	7	5	3	7	3	7	5	1	5	2	1	42	16	0.993251773010283	1.56861591791385	3.21887582486820	3.40119738166216	1.13140211149110	7	20	9	3	10	4.94164242260930
vir_1171	9	59	2.56494935746154	3.29583686600433	6	1	3	3	5	3	9	9	3	7	7	2	1	60	26	4.18509892549057	3.21887582486820	4.09434456222210	3.98898404656427	2.50143595173921	7	25	13	5	1	5.39362754635236
vir_1179	8	37	3.58351893845611	3.25809653802148	16	1	3	3	7	3	7	9	3	7	7	2	2	58	21	2.83907846350861	3.45946628978613	3.98898404656427	3.78418963391826	2.70136121295141	7	25	12	5	1	5.87211778947542
vir_1214	8	37	3.13549421592915	2.70805020110221	19	2	3	5	5	3	5	7	5	1	5	1	2	60	22	2.77258872223978	3.16124671203156	4.27666611901606	4.40671924726425	2.77258872223978	7	20	11	3	10	5.34710753071747
vir_1230	9	44	3.78418963391826	3.36729582998647	7	1	3	3	5	3	7	7	5	1	5	1	1	58	31	2.90142159408275	3.14845336057166	4.07753744390572	4.09434456222210	2.82137888640921	7	21	11	5	1	5.54126354515843
vir_1243	8	44	2.77258872223978	2.63905732961526	16	3	7	5	5	7	9	5	5	1	5	2	2	65	30	3.73766961828337	4.20916023665068	3.98898404656427	4.00733318523247	2.89037175789616	7	23	11	3	10	5.72031177660741
vir_1252	8	39	3.52636052461616	3.25809653802148	14	1	3	5	5	3	7	7	5	1	5	1	2	65	29	2.65324196460722	2.66025953726586	3.73766961828337	3.80666248977032	2.15176220325946	7	20	9	5	1	5.43807930892320
vir_1286	8	45	3.58351893845611	3.25809653802148	9	1	3	5	5	3	9	5	5	1	5	1	2	70	26	3.92395157629342	3.41114771251532	4.24849524204936	4.21950770517611	3.03013370027132	7	24	12	3	1	5.79909265446053
vir_1481	8	46	3.63758615972639	3.43398720448515	11	1	3	5	7	3	9	9	5	7	7	2	1	77	30	4.31214050720972	3.39114704580865	4.15888308335967	3.78418963391826	2.96527306606928	5	25	14	5	1	5.91350300563827
vir_2296	9	39	3.29583686600433	3.49650756146648	14	1	3	5	5	3	9	9	5	1	5	1	2	66	27	3.43075618390370	3.74478708605223	4.15888308335967	3.97029191355212	2.97041446556970	5	25	14	5	1	5.87211778947542
vir_0344	8	38	3.25809653802148	2.77258872223978	17	1	3	3	5	3	7	9	5	1	7	1	2	52	13	3.48737507790321	3.74242022104197	4.81218435537242	4.97673374242057	3.08648663682246	7	21	11	5	1	5.40267738187228
vir_0347	8	39	2.63905732961526	1.79175946922806	15	2	3	3	5	3	9	9	5	1	5	2	2	53	14	3.85227300102237	4.46590811865458	5.11799381241676	4.87519732320115	3.37416870927424	7	25	13	3	10	5.62762111369064
vir_0348	9	47	2.77258872223978	2.94443897916644	17	1	3	3	5	3	7	9	3	7	7	1	1	30	14	2.77881927199042	2.51769647261099	2.63905732961526	2.48490664978800	0.832909122935104	7	20	12	5	1	5.48063892334199
vir_349a	8	39	3.21887582486820	2.83321334405622	15	2	3	3	5	3	5	9	5	1	5	2	2	56	21	3.69635146895264	4.50424426739813	5.37527840768417	5.35185813347607	3.90801498403061	7	21	11	3	10	5.52146091786225
vir_349b	9	42	2.94443897916644	2.99573227355399	15	2	3	3	5	3	9	9	5	1	5	2	2	50	24	3.01062088604774	4.15575319035074	4.98360662170834	4.15888308335967	2.66722820658196	7	22	12	3	10	5.41610040220442
vir_0350	8	38	3.25809653802148	2.83321334405622	19	3	3	3	5	3	5	7	5	1	5	2	2	55	15	3.40452517175483	3.21486780347066	4.29045944114839	4.44265125649032	2.81540871942271	7	17	8	3	10	5.29831736654804
vir_0351	8	38	3.09104245335832	2.48490664978800	14	2	3	3	5	3	5	9	5	1	5	2	2	60	18	3.83514196109219	3.96651119071222	4.65396035015752	4.44265125649032	3.38439026334577	7	23	11	5	10	5.89989735358249
vir_0352	8	41	3.13549421592915	2.77258872223978	18	2	3	3	5	3	9	9	5	1	5	1	2	63	30	3.76352299710970	3.59456877464270	4.41884060779660	4.35670882668959	3.15700042115011	7	22	10	3	10	5.72031177660741
vir_0353	9	37	2.56494935746154	2.48490664978800	7	2	5	3	5	7	7	9	5	1	7	1	1	46	16	3.10009228887823	3.95699637107088	4.74493212836325	4.75359019110636	3.37416870927424	7	21	11	3	10	5.37063802812766
vir_0354	9	37	2.63905732961526	1.94591014905531	18	3	5	3	5	7	7	9	5	1	5	1	1	56	20	3.66612246699132	3.89589362349826	4.91265488573605	4.89034912822175	3.27336401015227	7	18	8	3	10	5.34710753071747
vir_0355	9	36	3.46573590279973	3.09104245335832	19	2	3	3	5	3	9	7	3	1	5	1	1	51	19	3.76815263500844	4.25703014449920	5.28826703069454	5.23644196282995	3.60004824040732	7	20	10	5	1	5.32300997913841
vir_0356	8	36	2.77258872223978	1.60943791243410	15	3	3	3	5	3	5	7	5	1	5	2	2	52	21	3.11351530921037	3.22684399451738	4.02535169073515	3.89182029811063	2.45100509811232	7	22	10	3	10	5.32300997913841
vir_0361	8	39	2.56494935746154	1.79175946922806	17	2	3	5	5	3	9	9	5	1	5	2	2	60	26	3.00568260440716	3.48737507790321	4.18965474202643	4.26267987704132	2.91235066461494	7	22	11	5	10	5.34710753071747
vir_0362	8	39	2.63905732961526	1.94591014905531	13	1	3	5	7	3	7	7	5	1	5	2	2	63	30	3.61899332664977	3.40452517175483	4.17438726989564	3.87120101090789	3.10009228887823	5	26	13	3	1	5.75257263882563
vir_0364	8	37	2.77258872223978	1.79175946922806	14	2	3	3	5	3	5	7	5	1	5	1	2	57	25	3.28840188751681	3.51452606696916	4.34380542185368	4.33073334028633	2.97041446556970	7	24	10	3	10	5.43807930892320
vir_0365	8	39	2.63905732961526	1.79175946922806	17	1	3	3	5	3	9	9	5	1	5	1	2	55	19	3.87120101090789	4.09933210373314	4.66343909411207	4.52178857704904	2.91235066461494	7	23	11	5	1	5.32300997913841
vir_0590	8	39	2.56494935746154	1.60943791243410	17	1	3	3	7	3	9	9	5	1	5	1	2	70	25	3.65583960003574	3.38439026334577	3.91202300542815	3.97029191355212	2.86789890204411	5	25	13	3	1	5.95324333428779
vir_0593	7	40	2.63905732961526	2.07944154167984	10	2	3	5	5	3	9	9	7	1	5	1	2	60	26	3.38099467434464	3.71600812150219	3.93182563272433	3.82864139648910	2.51769647261099	7	21	10	3	10	5.59842195899838
vir_0596	8	39	2.63905732961526	1.79175946922806	15	1	3	3	5	3	9	9	7	1	7	1	2	62	17	4.13836144763888	4.45550941143369	4.85981240436167	4.34380542185368	3.45631668088324	7	24	12	3	10	5.92692602597041
vir_0599	8	39	2.63905732961526	1.79175946922806	17	1	3	3	7	3	5	9	7	1	7	2	2	65	27	3.45631668088324	3.18221184049661	3.52636052461616	3.61091791264422	2.48490664978800	5	24	14	5	1	5.82894561761021
vir_0600	9	35	2.83321334405622	2.07944154167984	13	1	3	3	7	3	7	9	7	1	7	1	2	62	27	3.00071981506503	2.99573227355399	4.14313472639153	4.00733318523247	2.90690105984738	7	22	11	3	1	5.78382518232974
vir_0603	8	45	2.07944154167984	1.79175946922806	15	1	3	3	7	3	7	9	7	1	7	1	2	70	25	4.42004470186140	3.89182029811063	4.26267987704132	4.31748811353631	3.25037449192757	7	23	12	3	1	5.94017125272043
vir_0606	8	40	2.56494935746154	1.94591014905531	12	1	3	3	5	3	7	7	7	1	7	1	2	61	30	3.78872478908365	4.02713581252865	4.89034912822175	5.19849703126583	3.71113006304876	7	20	10	5	1	5.48063892334199
vir_0608	8	32	3.04452243772342	1.94591014905531	14	1	3	3	5	3	5	3	7	1	7	2	2	50	22	2.49320545260270	3.06339092202781	3.63758615972639	3.29583686600433	2.48490664978800	7	22	8	3	1	5.73657229747919
vir_0611	8	35	2.89037175789616	1.79175946922806	16	2	3	3	3	3	5	7	7	1	7	2	2	52	20	3.34286180464919	3.22286784613774	4.09434456222210	3.98898404656427	2.63188884013665	7	16	7	3	10	5.39362754635236
vir_0793	8	39	2.63905732961526	1.94591014905531	15	3	3	5	5	3	9	7	7	7	7	1	2	52	20	3.81990771652034	4.41037110768302	5.11799381241676	5.17048399503815	3.84588320292360	7	22	10	3	10	5.52146091786225
vir_0856	9	38	2.77258872223978	2.30258509299405	12	3	5	5	5	7	5	9	7	1	5	2	2	50	20	3.16968558067743	2.91235066461494	4.23410650459726	3.89182029811063	2.50143595173921	7	22	12	3	10	5.72031177660741
vir_0857	8	39	2.63905732961526	1.79175946922806	15	1	3	5	5	3	9	5	7	1	5	1	2	60	30	3.34286180464919	3.46573590279973	4.00733318523247	3.78418963391826	3.02042488614436	5	30	13	5	1	5.85793315448346
vir_0863	8	39	2.63905732961526	1.38629436111989	18	1	3	5	5	3	5	7	3	7	7	1	2	60	21	3.28466356540620	3.26193531432865	4.67282883446191	4.38202663467388	2.35137525716348	7	20	12	5	1	5.07517381523383
vir_0866	8	37	2.77258872223978	1.60943791243410	14	1	3	5	5	3	3	9	3	7	5	2	1	55	22	3.25037449192757	2.76000994003292	4.06044301054642	3.21887582486820	1.80828877117927	5	24	13	5	1	5.43807930892320
vir_0868	8	37	2.77258872223978	1.60943791243410	14	1	3	3	5	3	3	9	3	7	5	2	1	50	17	3.30321697330195	3.08190996979504	4.44265125649032	4.52178857704904	2.50959926237837	5	23	13	5	1	5.34710753071747
vir_0871	8	39	2.56494935746154	1.38629436111989	16	1	3	3	7	3	3	9	3	1	5	2	1	56	20	3.18635263316264	2.31253542384721	3.04452243772342	2.63905732961526	1.09861228866811	5	30	15	3	10	5.57972982598622
vir_0872	8	39	2.63905732961526	1.79175946922806	16	3	3	5	5	3	3	3	5	7	5	2	2	57	23	3.00071981506503	3.15273602236366	4.23410650459726	4.04305126783455	2.39789527279837	7	20	9	3	10	5.37063802812766
vir_0874	8	39	3.66356164612965	3.21887582486820	16	2	3	3	5	3	3	3	5	7	7	1	1	55	17	3.42100000895834	3.05870707271538	3.89182029811063	3.78418963391826	1.87180217690159	5	25	13	3	10	5.19295685089021
vir_0882	8	39	2.56494935746154	1.79175946922806	15	1	3	5	5	3	3	7	5	1	5	2	1	50	23	2.49320545260270	2.72129542785223	3.49650756146648	2.83321334405622	1.25276296849537	5	25	13	5	1	5.41610040220442
vir_0883	8	39	2.63905732961526	1.60943791243410	16	1	3	3	5	3	5	3	5	7	5	1	2	53	22	3.20680324363393	3.17805383034795	4.23410650459726	4.02535169073515	2.42480272571830	7	20	10	5	1	5.50125821054473
vir_0896	8	39	3.68887945411394	3.43398720448515	19	2	5	3	5	7	5	3	5	1	7	1	2	70	25	2.72129542785223	2.88480071284671	3.68887945411394	3.17805383034795	1.33500106673234	7	22	12	3	10	5.48063892334199
vir_0897	8	35	3.68887945411394	3.33220451017520	8	2	3	5	5	3	3	3	5	7	5	2	1	50	30	1.94591014905531	0.587786664902119	2.19722457733622	2.19722457733622	-0.105360515657826	7	21	11	3	10	5.24702407216049
vir_1558	8	39	2.63905732961526	1.79175946922806	15	1	3	3	7	3	3	3	5	1	5	2	1	63	27	3.30688670219091	2.66722820658196	3.85014760171006	3.55534806148941	2.38876278923510	5	25	13	5	1	5.70378247465620
vir_2340	8	46	2.30258509299405	2.07944154167984	17	1	3	3	5	3	9	3	3	1	5	1	1	75	25	4.47278099794235	3.67882911826043	4.34380542185368	4.23410650459726	3.13549421592915	7	24	12	3	1	5.79909265446053
vir_2341	8	42	2.30258509299405	1.60943791243410	15	1	3	3	5	3	7	5	5	1	5	1	2	75	20	3.74242022104197	4.19268046294296	4.72738781871234	4.71849887129509	3.55248682920838	7	25	11	3	1	5.73657229747919
vir_2374	8	39	2.56494935746154	1.94591014905531	12	1	3	3	5	3	3	7	3	7	5	1	1	62	26	3.52929738428947	2.43361335540045	3.09104245335832	2.56494935746154	1.09861228866811	5	25	14	3	1	5.59842195899838
vir_2394	9	38	2.56494935746154	1.38629436111989	15	1	3	3	5	3	3	7	3	1	7	2	1	63	24	3.53805656437935	2.96527306606928	3.98898404656427	3.33220451017520	2.18605127673809	7	23	10	3	1	5.72031177660741
vir_2399	9	38	2.56494935746154	1.38629436111989	16	1	3	3	5	3	3	7	7	1	7	2	1	70	25	3.06339092202781	3.54673968695281	3.49650756146648	2.83321334405622	1.90210752639692	5	26	15	3	1	5.70378247465620
vir_2412	8	40	2.48490664978800	1.38629436111989	18	1	3	3	5	3	5	7	7	1	5	1	2	71	35	4.33336146269260	3.98898404656427	4.36944785246702	4.31748811353631	3.31781577272310	7	24	12	3	1	5.63478960316925
vir_2413	8	39	2.56494935746154	1.38629436111989	16	1	3	5	5	3	3	7	7	1	5	1	1	55	26	3.52636052461616	2.19722457733622	2.99573227355399	2.89037175789616	1.38629436111989	5	25	14	3	1	5.82894561761021
vir_2438	8	36	2.77258872223978	1.38629436111989	17	1	3	5	5	3	5	9	3	1	5	1	2	70	30	3.80888224650863	2.89037175789616	4.09434456222210	3.73766961828337	2.42480272571830	7	21	11	3	1	5.63478960316925
vir_2493	8	37	2.77258872223978	1.60943791243410	17	1	3	3	7	3	5	5	5	1	5	2	1	67	24	4.23410650459726	3.52929738428947	4.27666611901606	4.02535169073515	3.26575941076705	5	25	12	3	1	5.94017125272043
vir_3055	8	38	2.70805020110221	1.60943791243410	18	1	3	3	5	3	3	5	5	1	5	2	1	65	30	3.45315712059287	3.09557760852371	3.68887945411394	3.29583686600433	2.14006616349627	7	22	11	3	1	5.66988092298052
vir_3083	8	38	2.77258872223978	1.79175946922806	16	1	3	5	5	3	7	5	5	1	5	1	2	90	40	4.55702981066016	3.47196645255036	4.36944785246702	4.00733318523247	3.16547504814109	5	24	13	5	1	5.94017125272043
vir_3200	9	37	2.63905732961526	1.94591014905531	16	1	3	3	5	3	5	9	7	7	7	1	1	60	21	3.33932197794407	2.69462718077007	3.76120011569356	3.17805383034795	1.68639895357023	7	24	12	5	1	5.50125821054473
vir_3264	8	39	2.56494935746154	1.94591014905531	16	1	3	3	5	3	3	9	7	7	7	1	1	61	27	3.36729582998647	2.11625551480255	3.61091791264422	2.83321334405622	1.70474809223843	7	22	10	3	1	5.85793315448346
vir_3271	8	39	2.56494935746154	1.09861228866811	16	1	3	3	7	3	5	5	7	7	5	2	1	70	20	4.31615389052317	3.69386699562498	4.55387689160054	3.87120101090789	2.71469474382088	5	24	14	3	1	5.75257263882563
vir_3273	8	39	2.63905732961526	1.60943791243410	18	1	3	3	7	3	5	9	5	7	5	1	2	65	26	3.91800507710569	2.82731362192903	3.66356164612965	3.40119738166216	2.53369681395743	7	22	13	3	1	5.96614673912369
vir_3274	8	39	2.63905732961526	1.38629436111989	17	1	3	3	5	3	5	7	5	7	5	1	2	52	25	3.65325227647079	3.26193531432865	3.04452243772342	2.94443897916644	1.70474809223843	5	25	14	3	1	5.89989735358249
vir_3275	8	39	2.63905732961526	1.38629436111989	17	1	3	3	7	3	5	9	5	7	5	2	1	73	28	3.83297979808769	2.78501124223834	3.93182563272433	3.87120101090789	2.71469474382088	7	21	10	3	1	5.73657229747919
vir_3293	8	38	2.70805020110221	1.79175946922806	19	1	3	3	7	3	3	9	5	7	5	1	1	70	23	3.83081295000260	3.76120011569356	3.73766961828337	3.36729582998647	2.07944154167984	5	26	13	3	1	5.97888576490112
vir_3428	8	39	2.63905732961526	1.79175946922806	12	1	3	5	5	3	5	7	3	7	5	1	2	52	22	2.40694510831829	2.20827441352280	3.36729582998647	2.94443897916644	2.01490302054226	7	22	12	3	1	5.54126354515843
vir_3438	8	39	2.63905732961526	1.60943791243410	7	1	3	3	5	3	5	7	5	7	5	2	1	62	26	3.48124008933569	1.74046617484050	2.89037175789616	2.07944154167984	1.80828877117927	5	23	13	3	1	5.82894561761021
vir_3439	8	40	2.56494935746154	1.79175946922806	13	1	3	5	7	3	9	5	5	1	5	1	2	75	43	3.37073817417745	3.19047635034650	3.68887945411394	3.61091791264422	2.67414864942653	7	27	14	3	1	5.88610403145016
vir_3462	8	39	2.63905732961526	1.60943791243410	18	1	3	3	5	3	7	9	7	7	7	2	1	57	27	3.16968558067743	3.37758751602302	3.66356164612965	3.61091791264422	2.20827441352280	7	24	12	3	1	5.32300997913841
vir_3473	8	39	2.63905732961526	1.60943791243410	18	1	3	3	5	3	7	9	7	7	7	2	1	60	20	3.56388296393925	3.29583686600433	4.06044301054642	3.82864139648910	2.89037175789616	5	26	13	3	1	5.84354441703136
vir_3516	8	39	2.63905732961526	1.60943791243410	15	1	3	5	5	3	5	9	7	7	7	2	1	62	25	3.24259235148552	2.39789527279837	3.73766961828337	3.25809653802148	1.87180217690159	7	21	10	3	1	5.61677109766657
vir_3517	8	39	2.63905732961526	1.60943791243410	16	1	3	3	5	3	7	9	7	7	7	2	1	60	20	3.59181774127081	3.62966009445397	4.47733681447821	3.82864139648910	3.03013370027132	7	26	12	3	1	5.95324333428779
vir_3519	8	39	2.63905732961526	1.94591014905531	14	1	3	3	5	3	5	9	7	7	7	2	1	53	22	3.06805293513362	3.49347265777133	4.17438726989564	4.00733318523247	3.11351530921037	7	22	12	3	1	5.70378247465620
vir_3521	9	38	2.63905732961526	1.38629436111989	19	1	3	3	5	3	5	9	7	7	5	2	2	60	20	3.56104608260405	3.38099467434464	4.26267987704132	3.73766961828337	2.78501124223834	7	22	12	3	1	5.76832099579377
vir_3529	8	35	2.94443897916644	1.79175946922806	18	1	3	3	5	3	5	9	7	7	5	2	2	61	29	3.50555739698640	3.22286784613774	3.95124371858143	3.82864139648910	2.76631910922619	7	21	11	3	1	5.87211778947542
vir_3530	8	38	2.70805020110221	1.60943791243410	18	1	3	3	5	3	5	9	7	7	5	1	2	60	19	3.40119738166216	3.23867845216438	4.12713438504509	4.07753744390572	2.71469474382088	7	22	11	3	1	5.50125821054473
vir_3563	8	47	1.79175946922806	1.60943791243410	19	1	3	3	5	3	7	9	5	7	5	1	2	60	27	4.17130560335823	3.67376581630389	4.40671924726425	4.14313472639153	3.48737507790321	5	25	12	3	1	5.99146454710798
vir_3570	8	39	2.63905732961526	1.60943791243410	17	1	3	3	5	3	5	9	5	7	5	1	2	60	17	3.62167070442049	3.21887582486820	4.36944785246702	4.02535169073515	2.91235066461494	7	24	11	3	1	6.13122648948314
vir_3571	8	39	2.63905732961526	1.94591014905531	15	1	3	3	5	3	5	9	5	7	5	2	1	60	17	3.43075618390370	4.55282370561588	4.74493212836325	4.45434729625351	3.83729945923221	5	27	14	3	1	6.08677472691231
vir_3572	8	39	2.63905732961526	1.94591014905531	17	1	3	3	5	3	5	9	7	7	7	1	1	51	20	3.73050112880476	4.32677816044340	4.70953020131233	4.24849524204936	3.58905911883173	5	25	12	3	1	6.14203740558736
vir_3593	9	38	2.63905732961526	1.94591014905531	16	1	3	3	5	3	7	9	7	7	5	1	2	56	20	2.84490938381941	2.63188884013665	3.76120011569356	3.36729582998647	1.88706964903238	7	22	11	3	1	5.97888576490112
vir_3594	8	39	2.63905732961526	1.79175946922806	14	1	3	3	5	3	5	9	7	7	5	1	2	57	25	2.45958884180371	3.02529107579554	3.58351893845611	3.63758615972639	2.53369681395743	7	24	12	3	1	5.96614673912369
vir_3595	8	39	2.63905732961526	1.38629436111989	14	1	3	3	7	3	5	9	5	7	5	1	2	60	20	2.62466859216316	3.06339092202781	3.73766961828337	3.61091791264422	2.77881927199042	7	22	11	3	1	6.01615715969835
vir_3597	8	39	2.56494935746154	1.09861228866811	16	1	3	3	7	3	7	9	7	1	7	2	2	70	23	3.79548918917219	3.94158180766969	4.20469261939097	4.02535169073515	3.13549421592915	7	25	13	3	1	5.81413053182507
vir_3598	8	39	2.63905732961526	1.79175946922806	9	1	3	3	7	3	5	9	5	7	7	2	2	66	23	3.65065824129374	3.61630876127910	4.34380542185368	3.91202300542815	2.91235066461494	7	22	12	3	1	5.63478960316925
vir_0025	8	40	3.29583686600433	2.94443897916644	14	2	3	5	5	3	5	9	7	1	7	1	1	47	17	2.18605127673809	2.58021682959233	4.36944785246702	4.09434456222210	1.91692261218206	7	18	10	3	1	4.74493212836325
vir_0224	8	40	2.56494935746154	1.94591014905531	13	1	3	5	5	3	9	9	3	7	5	1	2	65	22	2.88480071284671	2.79116510781272	3.40119738166216	3.43398720448515	2.19722457733622	7	23	12	3	10	5.70378247465620
vir_0644	8	40	2.63905732961526	2.19722457733622	15	2	3	5	5	3	7	9	5	7	7	2	2	50	19	2.68102152871429	2.93916192206560	4.24849524204936	3.74950407593037	1.96009478404727	7	21	10	5	1	5.04342511691925
vir_0865	8	39	3.29583686600433	2.83321334405622	19	3	3	5	3	7	3	7	3	7	7	1	1	55	25	3.27714473299218	3.04452243772342	4.33073334028633	3.87120101090789	2.60268968544438	5	23	13	5	1	5.57972982598622
vir_3298	8	39	2.63905732961526	1.60943791243410	16	1	3	3	7	3	5	9	5	7	5	1	1	55	23	3.15273602236366	3.28840188751681	4.09434456222210	4.06044301054642	2.86789890204411	5	25	13	3	1	5.85793315448346
vir_455a	8	39	2.56494935746154	1.79175946922806	15	3	3	5	5	3	3	9	5	7	7	2	1	45	26	2.34180580614733	1.02961941718116	2.30258509299405	2.07944154167984	0.788457360364270	7	20	10	3	10	5.48063892334199
vir_455b	8	42	2.39789527279837	1.94591014905531	15	2	3	5	5	3	3	9	5	7	7	1	1	40.5000000000000	20.5000000000000	2.99322914333587	2.22462355152433	3.29583686600433	3.06805293513362	1.42310833424261	7	20	10	3	10	5.34710753071747