	origin	hypocotyl_color_18_indiv	SeedToBloom_18_indiv	SeedToBegMat_18_indiv	SeedToFullMat_18_indiv	plant_height_18_indiv	habitus_18_indiv	pod_length_18_indiv	pod_per_plant_18_indiv	seeds_per_plant_18_indiv	mass_100_seeds_18_indiv	productivity_18_indiv	seed_mass_per_plot_18_indiv	yield_18_indiv	hypocotyl_color_18_aver	SeedToBloom_18_aver	SeedToBegMat_18_aver	SeedToFullMat_18_aver	plant_height_18_aver	habitus_18_aver	pod_length_18_aver	pod_per_plant_18_aver	seeds_per_plant_18_aver	mass_100_seeds_18_aver	productivity_18_aver	seed_mass_per_plot_18_aver	yield_18_aver	hypocotyl_color_20_aver	SeedToBloom_20_aver	SeedToBegMat_20_aver	SeedToFullMat_20_aver	plant_height_20_aver	habitusInFlow_20_aver	habitusInMatur_20_aver	pod_length_20_aver	pod_per_plant_20_aver	seeds_per_plant_20_aver	mass_100_seeds_20_aver	productivity_20_aver	seed_mass_per_plot_20_aver	plant_square_20_aver	plot_square_20_aver	yield_20_aver	Longitude	Latitude	bio1	bio2	bio3	bio4	bio5	bio6	bio7	bio8	bio9	bio10	bio11	bio12	bio13	bio14	bio15	bio16	bio17	bio18	bio19	altitude
acc1676943	USA	0	61	74	82	80	0.5	8	65	570	4.56	0.03	0.26	0.09	0	61	74	82	77.8	0.5	7.7	63.4	560	4.64	0.03	0.26	0.09	1	56	83	89	74.8	0.5	0.5	6.06	65	262	4.58	14.4	267	0.42	4.2	0.0063	NA	NA	NA	NA	NA	NA	NA	NA	NA	NA	NA	NA	NA	NA	NA	NA	NA	NA	NA	NA	NA	NA
acc1676945	China	1	47	65	78	85	0.5	7	66	498	4.41	0.02	0.22	0.08	1	47	65	78	85	0.5	7	66	498	4.41	0.02	0.22	0.08	1	48	68	77	92	0.5	0	6.2	129	994	4.82	50	316	0.42	4.2	0.075	128.7382	47.1216	6	130	23	15023	258	-298	556	186	-202	186	-202	652	166	5	100	416	19	416	19	386
acc1676946	China	1	50	66	75	85	1	8	154	1224	3.59	0.04	0.44	0.16	1	50	66	75	85	1	8	154	1224	3.59	0.04	0.44	0.16	1	48	68	81	45	0.5	0.5	6.6	241	1287	3.57	48	359	0.42	4.2	0.085	128.7382	47.1216	6	130	23	15023	258	-298	556	186	-202	186	-202	652	166	5	100	416	19	416	19	386
acc1676948	China	1	54	70	76	105	0.5	7	44	265	4.52	0.01	0.12	0.42	1	54	70	76	105	0.5	7	44	265	4.52	0.01	0.12	0.42	1	46	68	77	75	0.5	0.5	7.4	155	1280	5.07	67	324	0.42	4.2	0.077	128.7382	47.1216	6	130	23	15023	258	-298	556	186	-202	186	-202	652	166	5	100	416	19	416	19	386
acc1676949	China	1	47	65	75	75	1	6.5	49	377	4.24	0.02	0.16	0.06	1	47	65	75	75	1	6.5	49	377	4.24	0.02	0.16	0.06	1	46	68	77	58	0.5	0.5	6.5	76	542	4.42	26	395	0.42	4.2	0.094	128.7382	47.1216	6	130	23	15023	258	-298	556	186	-202	186	-202	652	166	5	100	416	19	416	19	386
acc1676950	China	1	47	65	75	85	1	6.5	70	500	4.6	0.02	0.23	0.08	1	47	65	75	85	1	6.5	70	500	4.6	0.02	0.23	0.08	1	49	67	77	62	1	1	5.8	117	853	3.98	36	427	0.42	4.2	0.1	128.7382	47.1216	6	130	23	15023	258	-298	556	186	-202	186	-202	652	166	5	100	416	19	416	19	386
acc1676951	China	0	60	73	80	75	1	7.5	110	968	3.61	0.04	0.35	0.13	0	60	73	80	75	1	7.5	110	968	3.61	0.04	0.35	0.13	1	48	66	74	72	1	1	5.9	114	686	4.08	30	359	0.42	4.2	0.085	128.7382	47.1216	6	130	23	15023	258	-298	556	186	-202	186	-202	652	166	5	100	416	19	416	19	386
acc1676952	China	1	55	70	78	80	0.5	8	42	315	4.44	0.01	0.14	0.05	1	55	70	78	80	0.5	8	42	315	4.44	0.01	0.14	0.05	1	48	68	81	78	0.5	0.5	6	62	423	3.51	19	99	0.42	4.2	0.023	128.7382	47.1216	6	130	23	15023	258	-298	556	186	-202	186	-202	652	166	5	100	416	19	416	19	386
acc1676953	China	1	72	100	115	120	0	7	25	234	3.41	0.01	0.08	0.03	1	72	100	115	120	0	7	25	234	3.41	0.01	0.08	0.03	1	77	100	110	95	0	0	7.2	39	202	3.96	10	97	0.42	4.2	0.023	128.7382	47.1216	6	130	23	15023	258	-298	556	186	-202	186	-202	652	166	5	100	416	19	416	19	386
acc1676954	China	1	74	100	115	140	0	7	89	840	3.69	0.03	0.31	0.11	1	74	100	115	140	0	7	89	840	3.69	0.03	0.31	0.11	1	72	100	110	76	0.5	0	6.2	53	233	3	9	117	0.42	4.2	0.027	128.7382	47.1216	6	130	23	15023	258	-298	556	186	-202	186	-202	652	166	5	100	416	19	416	19	386
acc1676955	China	1	85	107	117	120	0	6	22	196	3.57	0.01	0.07	0.03	1	85	107	117	120	0	6	22	196	3.57	0.01	0.07	0.03	1	72	100	110	82	0.5	0	7.2	37	114	2.5	6	34	0.42	4.2	0.008	128.7382	47.1216	6	130	23	15023	258	-298	556	186	-202	186	-202	652	166	5	100	416	19	416	19	386
acc1676956	China	1	60	85	105	120	0	7	13	132	3.78	0.01	0.05	0.02	1	60	85	105	120	0	7	13	132	3.78	0.01	0.05	0.02	1	50	77	94	95	0.5	0.5	4.4	11	42	5.57	3	74	0.42	4.2	0.017	128.7382	47.1216	6	130	23	15023	258	-298	556	186	-202	186	-202	652	166	5	100	416	19	416	19	386
acc1676957	Iran	1	58	70	80	70	0.5	7.5	72	612	3.75	0.02	0.23	0.08	1	58	70	80	70	0.5	7.5	72	612	3.75	0.02	0.23	0.08	1	51	74	87	77	1	0.5	7.5	16	66	4.54	5	98	0.42	4.2	0.023	53.688	32.4279	191	151	37	8965	401	-3	404	95	306	306	74	64	13	0	79	35	0	0	31	1138
acc1676958	Uzbekistan	1	77	100	115	100	0	7	48	336	3.86	0.01	0.13	0.05	1	77	100	115	100	0	7	48	336	3.86	0.01	0.13	0.05	1	72	99	109	96	1	0.5	7.5	49	65	2.99	3	109	0.42	4.2	0.025	64.4556	39.7681	151	133	33	9647	365	-37	402	44	273	273	25	157	33	0	79	78	1	1	65	229
acc1676960	Uzbekistan	1	72	95	108	90	0.5	9	41	320	5	0.02	0.16	0.06	1	72	95	108	90	0.5	9	41	320	5	0.02	0.16	0.06	1	70	89	100	88	1	0.5	7.2	29	127	3.73	6	198	0.42	4.2	0.047	64.4556	39.7681	151	133	33	9647	365	-37	402	44	273	273	25	157	33	0	79	78	1	1	65	229
acc1676961	Uzbekistan	1	70	94	105	100	0.5	6	64	482	3.52	0.02	0.17	0.06	1	70	94	105	100	0.5	6	64	482	3.52	0.02	0.17	0.06	1	70	100	115	102	0.5	0.5	6.5	171	895	2.9	28	196	0.42	4.2	0.046	64.4556	39.7681	151	133	33	9647	365	-37	402	44	273	273	25	157	33	0	79	78	1	1	65	229
acc1676962	Iraq	1	75	100	114	90	0.5	6	25	176	4.54	0.01	0.08	0.03	1	75	100	114	90	0.5	6	25	176	4.54	0.01	0.08	0.03	1	63	89	100	86	0.5	0.5	5.8	44	295	4.74	16	257	0.42	4.2	0.061	53.688	32.4279	191	151	37	8965	401	-3	404	95	306	306	74	64	13	0	79	35	0	0	31	1138
acc1676963	Kazakhstan	0	80	102	114	100	0.5	7	33	290	4.13	0.01	0.12	0.04	0	80	102	114	100	0.5	7	33	290	4.13	0.01	0.12	0.04	1	73	98	110	88	1	0.5	4.8	35	130	3.84	7	88	0.42	4.2	0.02	71.4704	51.1605	22	105	21	13621	268	-214	482	172	-143	189	-155	311	54	13	43	123	43	120	48	353
acc1676964	Turkestan	1	70	96	109	90	1	7	44	338	3.84	0.01	0.13	0.05	1	70	96	109	90	1	7	44	338	3.84	0.01	0.13	0.05	1	77	90	98	87	1	0.5	6.4	33	47	3.28	3	48	0.42	4.2	0.011	69.5901	42.3417	122	129	31	9923	344	-66	410	65	231	248	-9	514	77	2	62	209	17	22	185	543
acc1676965	Turkestan	0	55	70	78	85	0.5	7.5	65	580	3.96	0.02	0.23	0.08	0	55	70	78	85	0.5	7.5	65	580	3.96	0.02	0.23	0.08	1	46	68	81	72	0.5	0.5	6.2	104	552	4.89	29	289	0.42	4.2	0.068	69.5901	42.3417	122	129	31	9923	344	-66	410	65	231	248	-9	514	77	2	62	209	17	22	185	543
acc1676966	Turkestan	1	56	76	86	100	0.5	8	110	995	4.42	0.04	0.44	0.16	1	56	76	86	100	0.5	8	110	995	4.42	0.04	0.44	0.16	1	47	68	81	75	0.5	0.5	6.9	160	991	4.64	48	230	0.42	4.2	0.054	60.3685	41.4065	133	126	28	10853	362	-73	435	143	250	271	-8	102	20	1	67	49	5	6	31	95
acc1676967	Turkestan	1	90	110	120	130	0	6.5	37	268	4.85	0.01	0.13	0.05	1	90	110	120	130	0	6.5	37	268	4.85	0.01	0.13	0.05	1	79	100	110	92	1	0.5	6.1	27	137	3.64	7	50	0.42	4.2	0.011	60.3685	41.4065	133	126	28	10853	362	-73	435	143	250	271	-8	102	20	1	67	49	5	6	31	95
acc1676968	Turkestan	1	80	100	114	80	1	6	54	344	4.94	0.02	0.17	0.06	1	80	100	114	80	1	6	54	344	4.94	0.02	0.17	0.06	1	79	100	110	82	1	0.5	5.5	8	33	2.22	2	45	0.42	4.2	0.01	60.3685	41.4065	133	126	28	10853	362	-73	435	143	250	271	-8	102	20	1	67	49	5	6	31	95
acc1676969	Uzbekistan	0	73	100	106	120	0	6	30	218	3.66	0.01	0.08	0.03	0	73	100	106	120	0	6	30	218	3.66	0.01	0.08	0.03	1	79	91	99	65	0.5	0.5	5.5	30	122	4.09	7	55	0.42	4.2	0.013	64.4556	39.7681	151	133	33	9647	365	-37	402	44	273	273	25	157	33	0	79	78	1	1	65	229
acc1676970	Russia	0	86	110	122	90	0.5	6	19	148	4.05	0.01	0.06	0.02	0	86	110	122	90	0.5	6	19	148	4.05	0.01	0.06	0.02	1	79	91	99	66	0.5	0.5	6.4	16	84	2.97	5	78	0.42	4.2	0.018	47.095	42.1432	56	91	29	7584	218	-93	311	131	-43	151	-43	657	107	17	53	283	59	249	59	1655
acc1676971	Russia	1	75	90	100	90	0.5	6	55	402	4.47	0.02	0.18	0.06	1	75	90	100	90	0.5	6	55	402	4.47	0.02	0.18	0.06	1	63	87	94	75	0.5	0.5	7.2	222	1196	4.51	56	400	0.42	4.2	0.095	47.095	42.1432	56	91	29	7584	218	-93	311	131	-43	151	-43	657	107	17	53	283	59	249	59	1655
acc1676972	Russia	0	57	73	80	85	0.5	8	59	348	4.59	0.02	0.16	0.06	0	57	73	80	85	0.5	8	59	348	4.59	0.02	0.16	0.06	1	46	74	84	88	0.5	0.5	5	265	1600	3.87	64	381	0.42	4.2	0.09	47.095	42.1432	56	91	29	7584	218	-93	311	131	-43	151	-43	657	107	17	53	283	59	249	59	1655
acc1676973	Russia	1	90	112	122	110	0.5	6	18	159	3.77	0.01	0.06	0.02	1	90	112	122	110	0.5	6	18	159	3.77	0.01	0.06	0.02	1	84	100	110	96	0.5	0.5	5	64	354	3.1	13	92	0.42	4.2	0.002	47.095	42.1432	56	91	29	7584	218	-93	311	131	-43	151	-43	657	107	17	53	283	59	249	59	1655
acc1676974	USA	1	55	73	80	120	0.5	7.5	177	1560	3.58	0.06	0.56	0.2	1	55	73	80	120	0.5	7.5	177	1560	3.58	0.06	0.56	0.2	1	52	74	84	95	0.5	0.5	6.2	63	485	3.91	21	221	0.42	4.2	0.052	NA	NA	NA	NA	NA	NA	NA	NA	NA	NA	NA	NA	NA	NA	NA	NA	NA	NA	NA	NA	NA	NA
acc1676975	USA	1	55	73	80	85	1	8	130	1250	3.52	0.04	0.44	0.16	1	55	73	80	85	1	8	130	1250	3.52	0.04	0.44	0.16	1	56	85	94	89	0.5	0.5	6.1	342	2560	3.82	100	464	0.42	4.2	0.11	NA	NA	NA	NA	NA	NA	NA	NA	NA	NA	NA	NA	NA	NA	NA	NA	NA	NA	NA	NA	NA	NA
acc1676977	Russia	1	60	78	80	80	0.5	6.5	116	960	3.75	0.04	0.38	0.14	1	60	78	80	80	0.5	6.5	116	960	3.75	0.04	0.38	0.14	1	52	73	85	80	1	0.5	8.2	83	741	3.91	31	350	0.42	4.2	0.083	NA	NA	NA	NA	NA	NA	NA	NA	NA	NA	NA	NA	NA	NA	NA	NA	NA	NA	NA	NA	NA	NA
acc1676978	Russia	0	86	105	112	90	0.5	7	32	200	4.5	0.01	0.08	0.03	0	86	105	112	90	0.5	7	32	200	4.5	0.01	0.08	0.03	1	89	110	124	78	0.5	0.5	4.9	11	42	3.44	3	29	0.42	4.2	0.006	NA	NA	NA	NA	NA	NA	NA	NA	NA	NA	NA	NA	NA	NA	NA	NA	NA	NA	NA	NA	NA	NA
acc1676979	USA	1	54	73	80	90	1	7.5	98	738	4.6	0.03	0.34	0.12	1	54	73	80	90	1	7.5	98	738	4.6	0.03	0.34	0.12	1	48	70	80	120	0.75	0.75	7.6	214	1338	5.15	71	351	0.42	4.2	0.083	NA	NA	NA	NA	NA	NA	NA	NA	NA	NA	NA	NA	NA	NA	NA	NA	NA	NA	NA	NA	NA	NA
acc1676980	China	0	50	66	73	75	1	7	83	588	4.08	0.02	0.24	0.09	0	50	66	73	75	1	7	83	588	4.08	0.02	0.24	0.09	1	50	73	82	80	1	0.5	7.4	127	839	4.46	39	300	0.42	4.2	0.071	130.5244	44.9188	39	120	24	13426	269	-223	492	202	-145	202	-145	539	125	4	93	327	19	327	19	261
acc1676981	Iran	1	87	110	122	80	0.5	6	7	50	4.03	0	0.02	0.01	1	87	110	122	80	0.5	6	7	50	4.03	0	0.02	0.01	1	78	100	110	88	0.5	0.5	5.8	82	612	3.43	23	97	0.42	4.2	0.023	59.4698	36.3394	125	143	37	8291	320	-62	382	68	220	230	17	255	54	1	78	134	4	8	83	1114
acc1676982	Iran	1	87	110	122	85	0.5	5	15	107	4.65	0.01	0.05	0.02	1	87	110	122	85	0.5	5	15	107	4.65	0.01	0.05	0.02	1	78	100	110	123	0.75	0.75	4.9	8	63	3.68	4	149	0.42	4.2	0.035	59.4698	36.3394	125	143	37	8291	320	-62	382	68	220	230	17	255	54	1	78	134	4	8	83	1114
acc1676983	Iran	1	82	100	112	80	0.5	7	29	225	4.44	0.01	0.1	0.04	1	82	100	112	80	0.5	7	29	225	4.44	0.01	0.1	0.04	1	70	90	100	105	0.5	0.5	5.8	58	361	3.87	16	162	0.42	4.2	0.038	53.688	32.4279	191	151	37	8965	401	-3	404	95	306	306	74	64	13	0	79	35	0	0	31	1138
acc1676984	Iran	1	84	100	112	100	0.5	7	51	400	4	0.02	0.16	0.06	1	84	100	112	100	0.5	7	51	400	4	0.02	0.16	0.06	1	70	90	110	98	1	0.5	5.2	82	450	3.11	16	208	0.42	4.2	0.049	53.688	32.4279	191	151	37	8965	401	-3	404	95	306	306	74	64	13	0	79	35	0	0	31	1138
acc1676985	Iran	1	84	100	112	100	0.5	6	55	400	3.5	0.01	0.14	0.05	1	84	100	112	100	0.5	6	55	400	3.5	0.01	0.14	0.05	1	70	94	100	94	1	0.5	6.1	99	587	3.91	25	160	0.42	4.2	0.038	53.688	32.4279	191	151	37	8965	401	-3	404	95	306	306	74	64	13	0	79	35	0	0	31	1138
acc1676986	Turkmenistan	1	67	92	100	110	0.5	6	55	594	3.7	0.02	0.22	0.08	1	67	92	100	110	0.5	6	55	594	3.7	0.02	0.22	0.08	1	64	89	100	94	1	0.5	5.8	131	665	3.75	27	226	0.42	4.2	0.053	58.0897	37.9153	140	133	32	9543	356	-50	406	138	251	264	17	258	47	2	69	129	10	14	77	652
acc1676987	Turkmenistan	0	84	100	112	110	1	6.5	50	346	4.04	0.01	0.14	0.05	0	84	100	112	110	1	6.5	50	346	4.04	0.01	0.14	0.05	1	70	91	100	90	1	0.5	6.2	24	165	3.9	8	132	0.42	4.2	0.031	58.0897	37.9153	140	133	32	9543	356	-50	406	138	251	264	17	258	47	2	69	129	10	14	77	652
acc1676988	Turkmenistan	1	84	100	112	100	0.5	7	76	620	3.54	0.02	0.22	0.08	1	84	100	112	100	0.5	7	76	620	3.54	0.02	0.22	0.08	1	70	91	100	110	0.5	0.5	6.5	97	597	3.51	23	169	0.42	4.2	0.04	58.0897	37.9153	140	133	32	9543	356	-50	406	138	251	264	17	258	47	2	69	129	10	14	77	652
acc1676989	Turkmenistan	1	87	110	122	80	1	5	25	138	4.34	0.01	0.06	0.02	1	87	110	122	80	1	5	25	138	4.34	0.01	0.06	0.02	1	80	91	100	72	0.5	0.5	6.5	172	911	3.51	34	129	0.42	4.2	0.03	58.0897	37.9153	140	133	32	9543	356	-50	406	138	251	264	17	258	47	2	69	129	10	14	77	652
acc1676990	Turkmenistan	1	82	110	118	70	1	6	30	250	4.36	0.01	0.11	0.04	1	82	110	118	70	1	6	30	250	4.36	0.01	0.11	0.04	1	70	91	100	90	1	0.5	5.6	25	97	3.59	5	106	0.42	4.2	0.025	58.0897	37.9153	140	133	32	9543	356	-50	406	138	251	264	17	258	47	2	69	129	10	14	77	652
acc1676991	Turkmenistan	1	87	110	120	80	0.5	5	34	160	4.37	0.01	0.07	0.03	1	87	110	120	80	0.5	5	34	160	4.37	0.01	0.07	0.03	1	79	100	110	115	0.5	0.5	5.8	143	797	4.14	35	165	0.42	4.2	0.039	58.0907	37.9172	138	134	32	9592	355	-53	408	136	249	262	14	262	48	3	69	131	11	16	77	725
acc1676992	Turkmenistan	1	87	110	120	80	0.5	6	37	257	3.89	0.01	0.1	0.04	1	87	110	120	80	0.5	6	37	257	3.89	0.01	0.1	0.04	1	77	100	110	86	1	0.5	5.6	204	564	3.54	22	87	0.42	4.2	0.02	58.0907	37.9172	138	134	32	9592	355	-53	408	136	249	262	14	262	48	3	69	131	11	16	77	725
acc1676993	Turkmenistan	1	70	90	100	110	0.5	7.5	69	642	3.89	0.03	0.25	0.09	1	70	90	100	110	0.5	7.5	69	642	3.89	0.03	0.25	0.09	1	62	89	97	110	1	0.5	6.9	101	509	4.12	23	190	0.42	4.2	0.045	58.3261	37.9601	160	130	32	9581	376	-27	403	158	270	285	37	232	44	2	67	111	8	12	73	223
acc1676994	Turkmenistan	1	62	87	100	80	0.5	7	54	473	3.59	0.02	0.17	0.06	1	62	87	100	80	0.5	7	54	473	3.59	0.02	0.17	0.06	1	63	89	100	110	0.5	0.5	5.5	129	597	3.01	20	140	0.42	4.2	0.033	58.3261	37.9601	160	130	32	9581	376	-27	403	158	270	285	37	232	44	2	67	111	8	12	73	223
acc1676995	USA	1	47	65	75	120	0	7	134	938	5.11	0.05	0.48	0.17	1	47	65	75	120	0	7	134	938	5.11	0.05	0.48	0.17	1	67	89	115	80	0.5	0.5	8.6	71	436	4.12	20	146	0.42	4.2	0.036	NA	NA	NA	NA	NA	NA	NA	NA	NA	NA	NA	NA	NA	NA	NA	NA	NA	NA	NA	NA	NA	NA
acc1676996	USA	1	58	82	95	100	0.5	7	54	457	6.12	0.03	0.28	0.1	1	58	82	95	100	0.5	7	54	457	6.12	0.03	0.28	0.1	1	63	89	115	110	0.5	0.5	6	51	254	4.8	16	96	0.42	4.2	0.022	NA	NA	NA	NA	NA	NA	NA	NA	NA	NA	NA	NA	NA	NA	NA	NA	NA	NA	NA	NA	NA	NA
acc1676997	Ukraine	1	73	100	112	90	0.5	6	50	279	4.65	0.01	0.13	0.08	1	73	100	112	90	0.5	6	50	279	4.65	0.01	0.13	0.08	1	77	91	100	80	0.5	0.5	5.9	6	37	2.87	3	445	0.42	4.2	0.01	NA	NA	NA	NA	NA	NA	NA	NA	NA	NA	NA	NA	NA	NA	NA	NA	NA	NA	NA	NA	NA	NA
acc1676998	Turkmenistan	1	63	90	100	110	0.5	7	94	718	4.45	0.03	0.32	0.11	1	63	90	100	110	0.5	7	94	718	4.45	0.03	0.32	0.11	1	70	89	100	110	0.5	0.5	7.7	73	314	3.5	11	86	0.42	4.2	0.02	68.4094	43.3667	117	135	30	11036	356	-88	444	55	237	256	-29	211	33	1	62	85	6	11	76	275
acc1676999	Iran	1	75	95	105	110	0.5	7	44	368	4.34	0.02	0.16	0.06	1	75	95	105	110	0.5	7	44	368	4.34	0.02	0.16	0.06	1	77	91	100	120	0.5	0	5	79	371	3.23	14	85	0.42	4.2	0.02	48.3988	34.7608	47	154	38	8719	271	-134	405	26	156	159	-66	368	73	0	83	190	4	11	136	3133
acc1677000	Iran	1	75	105	116	80	0.5	6	54	340	4.41	0.02	0.15	0.05	1	75	105	116	80	0.5	6	54	340	4.41	0.02	0.15	0.05	1	85	110	123	101	0.5	0.75	4.6	111	596	3.02	20	84	0.42	4.2	0.02	51.389	35.6892	164	127	32	9165	368	-20	388	58	274	280	45	222	36	1	69	103	6	7	98	1169
acc1677001	Turkestan	1	48	65	75	70	1	7.5	100	689	4.2	0.03	0.29	0.1	1	48	65	75	70	1	7.5	100	689	4.2	0.03	0.29	0.1	1	54	79	91	85	0.5	0	6.9	57	283	4.24	14	80	0.42	4.2	0.019	68.4094	43.3667	117	135	30	11036	356	-88	444	55	237	256	-29	211	33	1	62	85	6	11	76	275
acc1677002	Turkestan	1	72	100	108	80	0.5	6.5	32	212	3.77	0.01	0.08	0.03	1	72	100	108	80	0.5	6.5	32	212	3.77	0.01	0.08	0.03	1	77	94	105	68	0.5	0.5	5.5	39	173	1.7	6	30	0.42	4.2	0.007	68.1431	42.2663	140	133	31	10208	367	-53	420	83	252	270	5	292	45	1	65	124	7	11	112	208
acc1677003	Uzbekistan	1	72	100	108	70	1	5	7	44	4.54	0	0.03	0.01	1	72	100	108	70	1	5	7	44	4.54	0	0.03	0.01	1	76	99	109	85	0.5	0.5	6	27	111	3.47	5	48	0.42	4.2	0.011	69.2401	41.2995	147	130	33	9071	360	-29	389	94	248	264	28	422	73	2	66	184	11	18	158	442
acc1677004	Uzbekistan	1	72	100	108	90	0.5	6	12	100	3.73	0	0.04	0.01	1	72	100	108	90	0.5	6	12	100	3.73	0	0.04	0.01	1	77	100	110	112	0.5	0	6.3	55	304	3.94	14	93	0.84	4.2	0.022	69.2401	41.2995	147	130	33	9071	360	-29	389	94	248	264	28	422	73	2	66	184	11	18	158	442
acc1677005	Uzbekistan	0	87	110	116	70	0.5	6	13	84	5.35	0	0.04	0.01	0	87	110	116	70	0.5	6	13	84	5.35	0	0.04	0.01	1	77	100	110	100	0.5	0.5	5.6	15	53	2.51	3	49	0.42	4.2	0.011	69.2401	41.2995	147	130	33	9071	360	-29	389	94	248	264	28	422	73	2	66	184	11	18	158	442
acc1677006	Uzbekistan	1	87	110	118	80	0.5	5	20	120	4.08	0.01	0.05	0.02	1	87	110	118	80	0.5	5	20	120	4.08	0.01	0.05	0.02	1	79	100	110	110	0.5	0.5	5.8	69	215	3.27	9	47	0.42	4.2	0.011	69.2401	41.2995	147	130	33	9071	360	-29	389	94	248	264	28	422	73	2	66	184	11	18	158	442
acc1677007	Uzbekistan	0	90	112	120	60	0.5	5	37	256	4.68	0.01	0.12	0.04	0	90	112	120	60	0.5	5	37	256	4.68	0.01	0.12	0.04	1	79	94	100	94	0.5	0.5	5	65	247	5.52	10	55	0.42	4.2	0.013	69.2401	41.2995	147	130	33	9071	360	-29	389	94	248	264	28	422	73	2	66	184	11	18	158	442
acc1677008	Uzbekistan	1	77	98	106	60	1	6.5	59	250	5.28	0.03	0.25	0.09	1	77	98	106	60	1	6.5	59	250	5.28	0.03	0.25	0.09	1	77	91	98	65	0.5	0.5	7.3	38	167	2.95	8	55	0.42	4.2	0.013	69.2401	41.2995	147	130	33	9071	360	-29	389	94	248	264	28	422	73	2	66	184	11	18	158	442
acc1677009	Uzbekistan	1	87	110	118	120	0.5	7.5	25	177	5.64	0.01	0.1	0.035	1	87	110	118	120	0.5	7.5	25	177	5.64	0.01	0.1	0.035	1	77	98	108	76	1	0.5	5.4	24	40	4.32	3	57	0.42	4.2	0.013	69.2401	41.2995	147	130	33	9071	360	-29	389	94	248	264	28	422	73	2	66	184	11	18	158	442
acc1677010	Uzbekistan	1	66	97	107	120	0.5	6	14	70	5.63	0	0.04	0.01	1	66	97	107	120	0.5	6	14	70	5.63	0	0.04	0.01	1	77	91	98	110	1	0.5	7.2	40	238	4.2	12	86	0.42	4.2	0.02	69.2401	41.2995	147	130	33	9071	360	-29	389	94	248	264	28	422	73	2	66	184	11	18	158	442
acc1677011	Uzbekistan	1	87	114	124	130	0.5	6	18	152	4.6	0.01	0.07	0.03	1	87	114	124	130	0.5	6	18	152	4.6	0.01	0.07	0.03	1	73	91	99	83	1	0.5	5	243	946	3.27	33	106	0.42	4.2	0.025	68.7811	40.4915	158	127	32	9227	369	-18	387	105	260	276	37	323	55	0	69	144	6	10	122	274
acc1677012	Uzbekistan	1	77	92	100	80	0.5	6.5	32	190	4.14	0.01	0.08	0.04	1	77	92	100	80	0.5	6.5	32	190	4.14	0.01	0.08	0.04	1	71	91	98	75	1	0.5	5.6	30	122	2.78	5	64	0.42	4.2	0.015	66.975	39.627	137	129	34	8580	338	-35	373	84	233	247	25	352	68	0	76	170	4	7	128	735
acc1677013	Uzbekistan	1	87	112	120	90	0.5	7.5	38	312	3.8	0.01	0.12	0.04	1	87	112	120	90	0.5	7.5	38	312	3.8	0.01	0.12	0.04	1	73	91	98	55	0.5	0.5	5.4	8	42	3.09	2	110	0.42	4.2	0.026	66.975	39.627	137	129	34	8580	338	-35	373	84	233	247	25	352	68	0	76	170	4	7	128	735
acc1677014	Uzbekistan	1	90	112	120	80	0.5	5	50	335	3.28	0.01	0.11	0.04	1	90	112	120	80	0.5	5	50	335	3.28	0.01	0.11	0.04	1	73	91	98	78	1	0.5	4.8	31	131	2.68	5	55	0.42	4.2	0.013	66.975	39.627	137	129	34	8580	338	-35	373	84	233	247	25	352	68	0	76	170	4	7	128	735
acc1677015	Uzbekistan	1	90	112	120	80	0.5	5	13	85	4.72	0	0.04	0.01	1	90	112	120	80	0.5	5	13	85	4.72	0	0.04	0.01	1	77	91	100	90	0.5	0.5	6	14	85	4.07	5	50	0.42	4.2	0.011	66.975	39.627	137	129	34	8580	338	-35	373	84	233	247	25	352	68	0	76	170	4	7	128	735
acc1677016	Uzbekistan	1	90	112	120	120	0.5	6	32	174	4.59	0.01	0.08	0.03	1	90	112	120	120	0.5	6	32	174	4.59	0.01	0.08	0.03	1	77	94	105	75	0.5	0.5	4.6	7	40	3.17	3	29	0.42	4.2	0.006	66.975	39.627	137	129	34	8580	338	-35	373	84	233	247	25	352	68	0	76	170	4	7	128	735
acc1677017	Uzbekistan	1	90	112	120	140	0	6	41	290	4.09	0.01	0.12	0.04	1	90	112	120	140	0	6	41	290	4.09	0.01	0.12	0.04	1	79	94	100	75	0.5	0.5	5.6	3	22	3.66	2	79	0.42	4.2	0.018	66.975	39.627	137	129	34	8580	338	-35	373	84	233	247	25	352	68	0	76	170	4	7	128	735
acc1677018	Uzbekistan	0	75	95	105	140	0	10	50	340	8.74	0.03	0.3	0.11	0	75	95	105	140	0	10	50	340	8.74	0.03	0.3	0.11	1	68	87	94	90	0.5	0.5	8	130	862	7.3	65	408	0.42	4.2	0.097	69.2401	41.2995	147	130	33	9071	360	-29	389	94	248	264	28	422	73	2	66	184	11	18	158	442
acc1677019	Uzbekistan	1	75	95	105	80	0.5	6	64	425	3.27	0.01	0.14	0.09	1	75	95	105	80	0.5	6	64	425	3.27	0.01	0.14	0.09	1	73	91	98	70	0.5	0.5	4.5	27	116	3.36	6	198	0.42	4.2	0.047	64.4556	39.7681	151	133	33	9647	365	-37	402	44	273	273	25	157	33	0	79	78	1	1	65	229
acc1677020	Uzbekistan	1	75	95	105	70	1	6.5	42	288	3.81	0.01	0.11	0.04	1	75	95	105	70	1	6.5	42	288	3.81	0.01	0.11	0.04	1	67	87	94	95	0.5	0.5	6.4	192	1156	2.24	28	184	0.42	4.2	0.042	64.4556	39.7681	151	133	33	9647	365	-37	402	44	273	273	25	157	33	0	79	78	1	1	65	229
acc1677021	Afghanistan	1	87	105	110	70	1	6	3	30	3.33	0	0.01	0	1	87	105	110	70	1	6	3	30	3.33	0	0.01	0	1	77	103	110	105	0.5	0	6.2	87	558	3.76	23	110	0.42	4.2	0.026	61.7006	34.1769	131	154	39	8340	331	-57	388	41	239	239	23	255	52	0	96	153	0	0	137	1529
acc1677022	Afghanistan	1	87	105	110	80	1	6	2	20	5	0	0.01	0	1	87	105	110	80	1	6	2	20	5	0	0.01	0	1	81	105	110	79	0.5	0.5	5.8	95	218	4.27	14	49	0.42	4.2	0.011	61.7006	34.1769	131	154	39	8340	331	-57	388	41	239	239	23	255	52	0	96	153	0	0	137	1529
acc1677023	Afghanistan	1	82	105	112	70	1	5.5	25	220	3.58	0.01	0.08	0.03	1	82	105	112	70	1	5.5	25	220	3.58	0.01	0.08	0.03	1	73	91	100	120	0.5	0.75	6.5	121	902	3.76	36	179	0.42	4.2	0.042	61.7006	34.1769	131	154	39	8340	331	-57	388	41	239	239	23	255	52	0	96	153	0	0	137	1529
acc1677024	Afghanistan	1	86	106	115	150	0	6.5	38	360	4.14	0.02	0.15	0.05	1	86	106	115	150	0	6.5	38	360	4.14	0.02	0.15	0.05	1	73	91	100	160	0.5	0	6.4	53	306	4.57	16	88	0.42	4.2	0.02	61.7006	34.1769	131	154	39	8340	331	-57	388	41	239	239	23	255	52	0	96	153	0	0	137	1529
acc1677025	Afghanistan	1	84	110	116	110	0	6.5	40	250	4.8	0.01	0.12	0.04	1	84	110	116	110	0	6.5	40	250	4.8	0.01	0.12	0.04	1	70	90	99	138	0.5	0	5.8	10	76	3.55	4	69	0.84	4.2	0.016	61.7006	34.1769	131	154	39	8340	331	-57	388	41	239	239	23	255	52	0	96	153	0	0	137	1529
acc1677026	Afghanistan	1	86	112	122	120	0.5	7	50	345	5.45	0.02	0.19	0.07	1	86	112	122	120	0.5	7	50	345	5.45	0.02	0.19	0.07	1	84	105	114	135	0	0	6	13	39	3.98	3	79	0.42	4.2	0.018	66.9293	36.6153	171	134	33	9596	384	-20	404	68	297	297	48	183	44	0	92	107	0	0	85	427
acc1677027	Afghanistan	1	92	115	122	70	1	6	18	160	3.75	0.01	0.08	0.03	1	92	115	122	70	1	6	18	160	3.75	0.01	0.08	0.03	1	76	90	99	115	0.5	0.5	6.9	61	454	3.96	20	137	0.42	4.2	0.032	NA	NA	NA	NA	NA	NA	NA	NA	NA	NA	NA	NA	NA	NA	NA	NA	NA	NA	NA	NA	NA	NA
acc1677028	Afghanistan	1	84	110	116	80	0.5	6	12	92	4.28	0	0.04	0	1	84	110	116	80	0.5	6	12	92	4.28	0	0.04	0	1	76	90	99	88	0.5	0.5	5.2	17	76	4.3	5	130	0.42	4.2	0.03	67.71	33.9391	-18	133	32	8961	178	-233	411	-79	82	91	-142	484	96	2	79	263	11	17	186	3868
acc1677029	Uzbekistan	0	71	90	100	80	0.5	6	15	115	4.33	0.01	0.05	0	0	71	90	100	80	0.5	6	15	115	4.33	0.01	0.05	0	1	74	88	96	84	0.5	0.5	6.6	6	43	2.56	2	122	0.42	4.2	0.029	NA	NA	NA	NA	NA	NA	NA	NA	NA	NA	NA	NA	NA	NA	NA	NA	NA	NA	NA	NA	NA	NA
acc1677030	Japan	1	57	73	87	120	0.5	8	155	1320	4.3	0.06	0.57	0.2	1	57	73	87	120	0.5	8	155	1320	4.3	0.06	0.57	0.2	1	49	73	85	76	0.5	0.5	7.6	345	1430	4.61	68	434	0.42	4.2	0.103	139.7456	35.719	154	80	26	7513	306	5	301	224	59	251	59	1436	188	46	41	512	155	475	155	28
acc1677031	Japan	1	70	82	90	80	0.5	8	70	640	4.34	0.03	0.28	0.1	1	70	82	90	80	0.5	8	70	640	4.34	0.03	0.28	0.1	1	49	77	85	82	0.5	0.5	6.4	304	1245	3.29	43	323	0.84	4.2	0.076	139.7456	35.719	154	80	26	7513	306	5	301	224	59	251	59	1436	188	46	41	512	155	475	155	28
acc1677032	Armenia	1	57	84	92	70	0.5	6.5	33	260	4.82	0.01	0.13	0.05	1	57	84	92	70	0.5	6.5	33	260	4.82	0.01	0.13	0.05	1	76	99	109	72	0.5	0.5	5.7	2	12	2.53	2	38	0.42	4.2	0.009	45.0382	40.0691	14	112	33	7671	191	-144	335	41	-85	110	-85	543	93	24	43	227	79	110	79	2825
acc1677034	Iran	1	59	82	92	80	0.5	8	15	100	5.97	0.01	0.06	0.02	1	59	82	92	80	0.5	8	15	100	5.97	0.01	0.06	0.02	1	67	89	96	120	0	0.75	8	125	650	4.76	33	155	0.42	4.2	0.036	49.8671	40.4093	150	68	23	7944	305	15	290	123	251	251	49	256	34	8	35	91	31	31	66	18
acc1677035	Azerbaijan	1	64	84	92	70	0.5	8	30	300	5	0.02	0.15	0.05	1	64	84	92	70	0.5	8	30	300	5	0.02	0.15	0.05	1	69	90	100	62	0.5	0.5	6.9	18	78	2.98	5	38	0.42	4.2	0.009	47.5769	40.1431	142	98	29	8222	317	-12	329	127	240	245	36	370	47	13	33	123	53	63	90	-2
acc1677036	Azerbaijan	1	60	70	82	70	1	6.5	83	607	4.44	0.03	0.27	0.1	1	60	70	82	70	1	6.5	83	607	4.44	0.03	0.27	0.1	1	49	77	90	89	0.5	0.5	7.8	123	514	4.28	22	238	0.42	4.2	0.056	63.5688	39.0041	153	144	36	9190	367	-29	396	104	269	269	33	138	30	0	85	72	0	0	59	188
acc1677033	Turkmenistan	1	82	102	112	90	0.5	6	38	370	4.05	0.02	0.15	0.05	1	82	102	112	90	0.5	6	38	370	4.05	0.02	0.15	0.05	1	64	87	100	110	1	0.5	6.2	56	298	3.5	11	118	0.42	4.2	0.028	59.1042	35.102	156	150	39	8423	349	-32	381	102	252	263	46	209	43	0	88	111	0	1	94	1147
acc1677037	Panama	1	50	70	80	80	0.5	8	93	890	4.26	0.04	0.38	0.14	1	50	70	80	80	0.5	8	93	890	4.26	0.04	0.38	0.14	1	48	68	79	75	1	1	7	18	105	4.55	6	214	0.42	4.2	0.05	NA	NA	NA	NA	NA	NA	NA	NA	NA	NA	NA	NA	NA	NA	NA	NA	NA	NA	NA	NA	NA	NA
acc1677038	Panama	1	60	80	90	100	0.5	8	150	1350	4.64	0.06	0.63	0.23	1	60	80	90	100	0.5	8	150	1350	4.64	0.06	0.63	0.23	1	50	71	88	66	0.5	0.5	7	85	314	4.45	16	127	1.4	4.2	0.03	NA	NA	NA	NA	NA	NA	NA	NA	NA	NA	NA	NA	NA	NA	NA	NA	NA	NA	NA	NA	NA	NA
acc1677040	Cyprus	1	66	99	100	80	1	8	50	480	6.19	0.03	0.3	0.11	1	66	99	100	80	1	8	50	480	6.19	0.03	0.3	0.11	1	67	87	97	100	0.5	0	8.8	68	207	6.72	15	163	0.42	4.2	0.038	33.3823	35.1856	189	131	43	6367	355	52	303	110	269	269	110	335	74	1	82	181	7	7	181	134
acc1677041	Morocco	1	60	82	92	110	1	7.5	33	245	6.07	0.02	0.15	0.05	1	60	82	92	110	1	7.5	33	245	6.07	0.02	0.15	0.05	1	60	79	89	105	1	1	7.2	94	591	4.9	31	180	0.42	4.2	0.042	NA	NA	NA	NA	NA	NA	NA	NA	NA	NA	NA	NA	NA	NA	NA	NA	NA	NA	NA	NA	NA	NA
acc1677042	Palestine	1	58	84	92	80	0.5	7.5	70	525	4.57	0.02	0.24	0.09	1	58	84	92	80	0.5	7.5	70	525	4.57	0.02	0.24	0.09	1	50	89	100	84	0.5	0.5	6.8	22	171	4.88	10	146	0.42	4.2	0.034	35.4973	32.4971	218	124	45	5979	358	85	273	140	286	288	140	344	85	0	106	223	0	1	223	-119
acc1677043	Java	1	50	72	82	90	0.5	8	75	775	3.72	0.03	0.29	0.1	1	50	72	82	90	0.5	8	75	775	3.72	0.03	0.29	0.1	1	48	73	91	73	0.5	0.5	6.8	42	72	4.53	4	104	0.42	4.2	0.024	NA	NA	NA	NA	NA	NA	NA	NA	NA	NA	NA	NA	NA	NA	NA	NA	NA	NA	NA	NA	NA	NA
acc1677044	Russia	1	48	66	76	100	0.5	7.5	71	520	4.03	0.02	0.21	0.08	1	48	66	76	100	0.5	7.5	71	520	4.03	0.02	0.21	0.08	1	52	79	91	68	1	0.5	5.2	6	25	4.67	3	104	0.42	4.2	0.024	131.8351	44.9003	37	114	24	12922	256	-214	470	191	-141	191	-141	595	121	7	77	316	30	316	30	317
acc1677045	Chile	1	92	112	122	100	0.5	7	50	322	5.27	0.02	0.17	0.06	1	92	112	122	100	0.5	7	50	322	5.27	0.02	0.17	0.06	1	83	100	110	88	0.5	0.5	6.7	5	22	2.44	2	49	0.42	4.2	0.011	NA	NA	NA	NA	NA	NA	NA	NA	NA	NA	NA	NA	NA	NA	NA	NA	NA	NA	NA	NA	NA	NA
acc1677046	India	1	65	85	95	120	0.5	7.5	70	630	3.01	0.02	0.19	0.07	1	65	85	95	120	0.5	7.5	70	630	3.01	0.02	0.19	0.07	1	68	85	100	86	1	0.5	7.2	5	20	3.47	2	119	0.42	4.2	0.028	NA	NA	NA	NA	NA	NA	NA	NA	NA	NA	NA	NA	NA	NA	NA	NA	NA	NA	NA	NA	NA	NA
acc1677047	India	1	60	71	80	80	1	9	30	450	4.19	0.02	0.19	0.07	1	60	71	80	80	1	9	30	450	4.19	0.02	0.19	0.07	1	68	90	98	94	1	1	8.6	87	550	4.36	26	83	1.4	4.2	0.019	NA	NA	NA	NA	NA	NA	NA	NA	NA	NA	NA	NA	NA	NA	NA	NA	NA	NA	NA	NA	NA	NA
acc1677048	India	1	50	66	72	55	1	6	125	1200	2.08	0.03	0.25	0.09	1	50	66	72	55	1	6	125	1200	2.08	0.03	0.25	0.09	0	44	65	75	68	1	1	7.2	44	142	2.1	5	158	0.42	4.2	0.037	85.6486	25.9821	254	110	40	5005	372	101	271	291	188	304	178	1089	301	2	118	769	23	486	27	52
acc1677049	Italy	1	50	66	77	75	1	7.5	30	192	5.72	0.01	0.11	0.04	1	50	66	77	75	1	7.5	30	192	5.72	0.01	0.11	0.04	0	52	72	96	68	1	1	6.8	44	147	5.67	9	100	0.42	4.2	0.023	NA	NA	NA	NA	NA	NA	NA	NA	NA	NA	NA	NA	NA	NA	NA	NA	NA	NA	NA	NA	NA	NA
acc1677050	Portugal	1	50	65	75	75	1	7	33	350	3.11	0.01	0.11	0.04	1	50	65	75	75	1	7	33	350	3.11	0.01	0.11	0.04	1	66	88	99	65	1	0.5	7.8	218	1482	3.57	55	235	0.42	4.2	0.055	NA	NA	NA	NA	NA	NA	NA	NA	NA	NA	NA	NA	NA	NA	NA	NA	NA	NA	NA	NA	NA	NA
acc1677051	Portugal	1	53	70	78	75	0.5	7.5	115	745	4.71	0.04	0.35	0.13	1	53	70	78	75	0.5	7.5	115	745	4.71	0.04	0.35	0.13	1	70	90	98	52	1	1	7.2	134	952	4.93	49	173	0.42	4.2	0.041	NA	NA	NA	NA	NA	NA	NA	NA	NA	NA	NA	NA	NA	NA	NA	NA	NA	NA	NA	NA	NA	NA
acc1677052	Russia	1	60	77	86	90	0.5	12	28	265	7.92	0.02	0.21	0.08	1	60	77	86	90	0.5	12	28	265	7.92	0.02	0.21	0.08	1	70	90	98	120	0.5	0	10.5	35	211	6.7	17	157	0.42	4.2	0.037	39.0978	45.0347	115	82	26	8427	280	-35	315	28	54	223	8	708	80	46	19	214	148	186	192	34
acc1677053	Tajikistan	1	58	112	122	110	0.5	5	39	241	4.14	0.01	0.1	0.04	1	58	112	122	110	0.5	5	39	241	4.14	0.01	0.1	0.04	1	76	94	108	84	0.5	0.5	6.6	6	38	3.21	3	130	0.42	4.2	0.03	69.6453	40.2675	148	120	30	9770	361	-32	393	95	254	271	19	220	36	1	61	91	7	10	76	364
acc1677054	India	1	62	85	95	100	0.5	6.5	35	288	3.81	0.01	0.11	0.04	1	62	85	95	100	0.5	6.5	35	288	3.81	0.01	0.11	0.04	1	64	91	100	100	0.5	0.5	6	3	19	3.17	2	62	0.42	4.2	0.014	74.3587	31.5204	240	135	38	7341	405	52	353	305	192	320	136	603	189	4	115	426	28	242	57	218
acc1677055	India	1	58	80	90	80	0.5	7	100	1380	3.03	0.04	0.42	0.15	1	58	80	90	80	0.5	7	100	1380	3.03	0.04	0.42	0.15	1	56	87	97	88	1	0.5	5.8	42	231	3.03	9	203	0.42	4.2	0.048	74.3587	31.5204	240	135	38	7341	405	52	353	305	192	320	136	603	189	4	115	426	28	242	57	218
acc1677057	Russia	1	70	85	96	80	1	7.7	89	863	3.7	0.03	NA	NA	1	70	85	96	80	1	7.7	89	863	3.7	0.03	NA	NA	1	77	100	110	74	0.5	0.5	6.4	47	295	4.74	16	131	0.42	4.2	0.031	127.9945	49.6152	4	130	23	15618	266	-299	565	192	-210	192	-210	572	138	5	97	355	18	355	18	116
acc1677056	Russia	1	74	87	97	105	0.5	7.5	65	524	4.19	0.02	0.22	0.08	1	74	87	97	105	0.5	7.5	65	524	4.19	0.02	0.22	0.08	1	77	100	110	74	0.5	0.5	6.4	47	295	4.74	16	131	0.42	4.2	0.031	127.9945	49.6152	4	130	23	15618	266	-299	565	192	-210	192	-210	572	138	5	97	355	18	355	18	116
acc1677058	Russia	1	50	70	77	75	1	8	88	650	4.12	0.03	0.27	0.1	1	50	70	77	75	1	8	88	650	4.12	0.03	0.27	0.1	1	46	67	77	74	1	1	7	95	631	3.8	26	258	0.42	4.2	0.061	131.3273	44.0281	50	114	25	12291	263	-191	454	196	-119	196	-119	585	125	6	78	307	27	307	27	99
acc1677059	Russia	1	68	100	112	100	0	10.5	60	550	5.04	0.03	0.28	0.1	1	68	100	112	100	0	10.5	60	550	5.04	0.03	0.28	0.1	1	67	91	100	90	0.5	0	7.2	157	537	5.4	31	116	0.42	4.2	0.027	131.3835	44.0118	51	113	25	12219	263	-188	451	197	-117	197	-117	590	123	6	76	304	28	304	28	72
acc1677060	Russia	1	50	66	78	80	0.5	7.5	86	490	4.29	0.02	0.21	0.08	1	50	66	78	80	0.5	7.5	86	490	4.29	0.02	0.21	0.08	1	51	74	91	105	0.5	0	7.2	196	911	4.93	47	297	0.42	4.2	0.07	132.558	44.39	47	101	22	12317	255	-193	448	189	-124	192	-124	649	118	10	66	311	44	298	44	71
acc1677061	Argentina	0	63	86	96	100	1	10	10	70	5.71	0.01	0.05	0.017	0	63	86	96	100	1	10	10	70	5.71	0.01	0.05	0.017	0	64	81	89	88	1	1	10.1	21	63	4.06	5	41	0.42	4.2	0.009	NA	NA	NA	NA	NA	NA	NA	NA	NA	NA	NA	NA	NA	NA	NA	NA	NA	NA	NA	NA	NA	NA
acc1677062	Japan	1	60	82	92	81	0.5	7	74	440	4.31	0.02	0.19	0.067	1	60	82	92	81	0.5	7	74	440	4.31	0.02	0.19	0.067	1	63	87	96	98	0.5	0	7.5	227	1252	4.23	55	308	0.42	4.2	0.073	NA	NA	NA	NA	NA	NA	NA	NA	NA	NA	NA	NA	NA	NA	NA	NA	NA	NA	NA	NA	NA	NA
acc1677063	Kyrgyzstan	1	72	92	98	70	0.5	6	7	136	4.41	0.01	0.07	0.05	1	72	92	98	70	0.5	6	7	136	4.41	0.01	0.07	0.05	1	77	91	105	90	0.5	0	6.2	126	708	4.09	31	135	0.42	4.2	0.032	65.3054	55.4649	13	86	18	13168	242	-213	455	173	-144	173	-162	384	60	13	46	165	46	165	55	68
acc1677064	Arabia	1	83	100	105	70	1	6	5	45	4.2	0	0.03	0.01	1	83	100	105	70	1	6	5	45	4.2	0	0.03	0.01	1	84	99	110	100	0.5	0.5	7.2	3	17	3.5	2	26	0.42	4.2	0.006	NA	NA	NA	NA	NA	NA	NA	NA	NA	NA	NA	NA	NA	NA	NA	NA	NA	NA	NA	NA	NA	NA
acc1677065	China	1	83	100	105	100	0.5	7	23	207	3.86	0.01	0.08	0.03	1	83	100	105	100	0.5	7	23	207	3.86	0.01	0.08	0.03	1	65	89	97	112	0.5	0	6.8	100	584	5.65	35	276	0.42	4.2	0.065	87.5396	42.5246	30	127	29	10605	234	-191	425	159	-113	159	-113	180	40	1	89	109	4	109	4	2280
acc1677066	China	1	59	80	92	100	0.5	8	74	540	5.18	0.03	0.28	0.1	1	59	80	92	100	0.5	8	74	540	5.18	0.03	0.28	0.1	1	50	73	89	101	0.5	0.5	8.4	253	1666	4.68	80	393	0.42	4.2	0.093	87.5396	42.5246	30	127	29	10605	234	-191	425	159	-113	159	-113	180	40	1	89	109	4	109	4	2280
acc1677067	China	1	77	100	108	110	0.5	7.5	74	620	4.51	0.03	0.28	0.1	1	77	100	108	110	0.5	7.5	74	620	4.51	0.03	0.28	0.1	1	71	90	104	106	1	0.5	6.1	26	164	3.76	8	128	0.42	4.2	0.03	87.5396	42.5246	30	127	29	10605	234	-191	425	159	-113	159	-113	180	40	1	89	109	4	109	4	2280
acc1677068	Congo	1	49	65	73	90	0.5	7.5	122	907	3.3	0.03	0.15	0.11	1	49	65	73	90	0.5	7.5	122	907	3.3	0.03	0.15	0.11	1	49	66	74	64	1	1	6.9	144	1155	3.72	45	239	0.42	4.2	0.056	NA	NA	NA	NA	NA	NA	NA	NA	NA	NA	NA	NA	NA	NA	NA	NA	NA	NA	NA	NA	NA	NA
acc1677069	Congo	1	49	65	73	80	0.5	8	65	534	3.37	0.02	0.09	0.06	1	49	65	73	80	0.5	8	65	534	3.37	0.02	0.09	0.06	1	49	66	74	64	1	1	6.9	144	1155	3.72	45	239	0.42	4.2	0.056	NA	NA	NA	NA	NA	NA	NA	NA	NA	NA	NA	NA	NA	NA	NA	NA	NA	NA	NA	NA	NA	NA
acc1677070	Korea	1	44	70	80	120	0.5	8	56	455	4.37	0.02	0.2	0.07	1	44	70	80	120	0.5	8	56	455	4.37	0.02	0.2	0.07	1	47	73	89	82	1	0.5	8.5	131	845	3.55	32	121	0.42	4.2	0.028	126.978	37.5665	119	92	24	10062	298	-79	377	239	-16	243	-16	1374	383	21	95	827	71	819	71	57
acc1677071	Korea	1	64	100	108	90	0.5	7.5	42	212	6.48	0.01	0.14	0.05	1	64	100	108	90	0.5	7.5	42	212	6.48	0.01	0.14	0.05	1	67	100	110	93	1	0.5	8.2	110	440	5	24	145	0.42	4.2	0.034	126.978	37.5665	119	92	24	10062	298	-79	377	239	-16	243	-16	1374	383	21	95	827	71	819	71	57
acc1677072	Korea	1	70	86	100	80	1	8	15	110	5.45	0.01	0.06	0.021	1	70	86	100	80	1	8	15	110	5.45	0.01	0.06	0.021	1	52	74	91	125	0.5	0.75	8.4	93	870	4.59	42	149	0.42	4.2	0.035	126.978	37.5665	119	92	24	10062	298	-79	377	239	-16	243	-16	1374	383	21	95	827	71	819	71	57
acc1677073	Korea	1	63	97	108	110	0.5	10	44	440	4.97	0.022	0.22	0.08	1	63	97	108	110	0.5	10	44	440	4.97	0.022	0.22	0.08	1	67	89	103	116	0.5	0.5	7.8	114	1008	4.56	48	146	0.42	4.2	0.034	127.5101	40.3399	44	119	27	11059	242	-190	432	179	-108	179	-108	929	226	15	92	554	48	554	48	723
acc1677074	Korea	1	60	87	107	112	0.5	7	28	208	4.8	0.01	0.1	0.04	1	60	87	107	112	0.5	7	28	208	4.8	0.01	0.1	0.04	1	77	100	110	140	0.5	0	7.2	99	722	3.87	30	164	0.42	4.2	0.039	127.5101	40.3399	44	119	27	11059	242	-190	432	179	-108	179	-108	929	226	15	92	554	48	554	48	723
acc1677075	Korea	1	57	87	100	90	0.5	7.5	27	185	4.86	0.01	0.09	0.03	1	57	87	100	90	0.5	7.5	27	185	4.86	0.01	0.09	0.03	1	61	89	100	125	0.5	0	8.6	103	666	4.8	34	300	0.42	4.2	0.071	127.5101	40.3399	44	119	27	11059	242	-190	432	179	-108	179	-108	929	226	15	92	554	48	554	48	723
acc1677076	Korea	0	57	87	100	130	0.5	9	60	610	4.26	0.03	0.26	0.09	0	57	87	100	130	0.5	9	60	610	4.26	0.03	0.26	0.09	1	58	87	100	115	1	0.5	7.9	103	704	4.4	33	166	0.84	4.2	0.039	127.5101	40.3399	44	119	27	11059	242	-190	432	179	-108	179	-108	929	226	15	92	554	48	554	48	723
acc1677077	Korea	1	60	85	105	80	1	7.5	45	410	4.61	0.02	0.19	0.07	1	60	85	105	80	1	7.5	45	410	4.61	0.02	0.19	0.07	1	50	79	89	108	1	0.5	7.6	109	783	5.49	45	423	0.42	4.2	0.1	127.5101	40.3399	44	119	27	11059	242	-190	432	179	-108	179	-108	929	226	15	92	554	48	554	48	723
acc1677078	China	1	85	103	110	150	0	7.5	47	440	4.96	0.02	0.22	0.08	1	85	103	110	150	0	7.5	47	440	4.96	0.02	0.22	0.08	1	77	91	100	62	1	1	5.8	15	73	4.68	5	86	0.42	4.2	0.02	87.5396	42.5246	30	127	29	10605	234	-191	425	159	-113	159	-113	180	40	1	89	109	4	109	4	2280
acc1677079	China	1	85	103	110	100	1	5	35	250	4.74	0.01	0.13	0.05	1	85	103	110	100	1	5	35	250	4.74	0.01	0.13	0.05	1	73	91	100	84	1	0.5	6.4	46	338	3.84	15	158	0.42	4.2	0.037	75.9938	39.4677	121	128	29	10682	324	-109	433	230	47	245	-30	68	11	2	40	25	8	22	11	1286
acc1677080	Uzbekistan	1	63	85	100	70	1	6.5	15	120	4.16	0.01	0.07	0.03	1	63	85	100	70	1	6.5	15	120	4.16	0.01	0.07	0.03	1	67	89	100	80	1	0.5	7.4	37	261	4.98	15	262	0.42	4.2	0.062	69.2401	41.2995	147	130	33	9071	360	-29	389	94	248	264	28	422	73	2	66	184	11	18	158	442
acc1677081	China	1	82	103	110	70	1	5.5	25	180	4.97	0.01	0.09	0.03	1	82	103	110	70	1	5.5	25	180	4.97	0.01	0.09	0.03	1	69	91	100	80	1	0.5	6	58	344	4.65	18	99	0.42	4.2	0.0233	87.5396	42.5246	30	127	29	10605	234	-191	425	159	-113	159	-113	180	40	1	89	109	4	109	4	2280
acc1677082	China	1	82	103	110	70	1	5.5	25	190	5.26	0.01	0.12	0.04	1	82	103	110	70	1	5.5	25	190	5.26	0.01	0.12	0.04	1	69	89	98	85	1	0.5	5.5	90	512	5.07	28	123	0.42	4.2	0.029	87.6168	43.8256	71	109	22	13347	306	-177	483	163	-112	230	-112	226	31	7	42	87	24	76	24	840
acc1677083	China	1	84	110	120	90	0.5	7.5	66	506	4.15	0.02	0.21	0.08	1	84	110	120	90	0.5	7.5	66	506	4.15	0.02	0.21	0.08	1	69	91	98	77	0.5	0.5	4.9	95	452	3.76	19	95	0.42	4.2	0.022	87.5396	42.5246	30	127	29	10605	234	-191	425	159	-113	159	-113	180	40	1	89	109	4	109	4	2280
acc1677084	Ukraine	1	82	105	112	80	1	6	50	365	4.08	0.02	0.15	0.05	1	82	105	112	80	1	6	50	365	4.08	0.02	0.15	0.05	1	67	89	98	88	1	0.5	5.5	60	277	4.39	14	64	0.42	4.2	0.015	NA	NA	NA	NA	NA	NA	NA	NA	NA	NA	NA	NA	NA	NA	NA	NA	NA	NA	NA	NA	NA	NA
acc1677085	Brazil	1	50	67	75	80	1	8	79	704	4.97	0.04	0.35	0.13	1	50	67	75	80	1	8	79	704	4.97	0.04	0.35	0.13	1	46	67	78	85	0.5	0	8.6	66	610	4.91	32	331	0.42	4.2	0.078	NA	NA	NA	NA	NA	NA	NA	NA	NA	NA	NA	NA	NA	NA	NA	NA	NA	NA	NA	NA	NA	NA
acc1677086	Kazakhstan	1	86	109	118	80	1	8	40	325	5.52	0.02	0.18	0.06	1	86	109	118	80	1	8	40	325	5.52	0.02	0.18	0.06	1	77	91	100	68	0.5	0.5	7.7	18	214	3.42	7	72	0.42	4.2	0.017	76.8512	43.222	79	109	26	10580	283	-123	406	148	-61	210	-61	564	94	26	48	245	84	124	84	854
acc1677087	Turkey	1	75	97	108	100	0	7	40	395	4.53	0.02	0.18	0.06	1	75	97	108	100	0	7	40	395	4.53	0.02	0.18	0.06	1	60	80	95	95	1	0.5	7.9	133	640	4.53	31	119	0.42	4.2	0.028	30.4559	39.7646	108	114	35	7359	282	-37	319	11	195	200	11	404	52	10	37	135	43	61	135	799
acc1677088	Turkey	1	80	103	109	80	1	8	40	425	4.92	0.021	0.21	0.08	1	80	103	109	80	1	8	40	425	4.92	0.021	0.21	0.08	1	69	91	100	86	1	0.5	6.9	14	90	4.31	6	103	0.42	4.2	0.024	30.4559	39.7646	108	114	35	7359	282	-37	319	11	195	200	11	404	52	10	37	135	43	61	135	799
acc1677089	Ukraine	1	65	74	84	75	1	7.5	50	378	4.49	0.02	0.17	0.06	1	65	74	84	75	1	7.5	50	378	4.49	0.02	0.17	0.06	1	60	81	91	105	1	0.5	6.4	141	1040	4.23	46	145	0.42	4.2	0.034	NA	NA	NA	NA	NA	NA	NA	NA	NA	NA	NA	NA	NA	NA	NA	NA	NA	NA	NA	NA	NA	NA
acc1677090	Tajikistan	1	73	103	108	110	0.5	7	9	73	4.1	0	0.04	0.01	1	73	103	108	110	0.5	7	9	73	4.1	0	0.04	0.01	1	89	110	129	104	0.5	0.5	5.6	40	193	3.56	8	59	0.42	4.2	0.014	68.787	38.5598	150	128	34	8304	353	-14	367	98	245	258	42	624	130	0	79	314	5	8	222	819
acc1677091	Brazil	0	57	78	86	70	1	8	58	460	3.67	0.02	0.17	0.06	0	57	78	86	70	1	8	58	460	3.67	0.02	0.17	0.06	0	79	110	129	98	1	1	7.8	27	125	2.81	5	42	0.85	4.2	0.01	NA	NA	NA	NA	NA	NA	NA	NA	NA	NA	NA	NA	NA	NA	NA	NA	NA	NA	NA	NA	NA	NA
acc1677092	England	0	50	71	78	80	0.5	8	88	628	5.12	0.03	0.32	0.14	0	50	71	78	80	0.5	8	88	628	5.12	0.03	0.32	0.14	1	66	90	99	75	1	0.5	8.7	8	60	4.18	5	164	0.42	4.2	0.039	NA	NA	NA	NA	NA	NA	NA	NA	NA	NA	NA	NA	NA	NA	NA	NA	NA	NA	NA	NA	NA	NA
acc1677093	India	0	84	103	113	70	1	6	66	556	4.67	0.026	0.26	0.092	0	84	103	113	70	1	6	66	556	4.67	0.026	0.26	0.092	0	89	103	110	60	1	0.5	5.4	4	29	2.57	2	22	1.05	4.2	0.005	85.6486	25.9821	254	110	40	5005	372	101	271	291	188	304	178	1089	301	2	118	769	23	486	27	52
acc1677094	India	0	42	57	67	52	1	7.5	200	1715	2.04	0.035	0.35	0.13	0	42	57	67	52	1	7.5	200	1715	2.04	0.035	0.35	0.13	0	46	64	88	52	1	1	4.5	25	74	1.93	3	56	0.42	4.2	0.013	85.6486	25.9821	254	110	40	5005	372	101	271	291	188	304	178	1089	301	2	118	769	23	486	27	52
acc1677095	India	0	50	67	73	68	1	7.5	119	940	2.55	0.02	0.24	0.09	0	50	67	73	68	1	7.5	119	940	2.55	0.02	0.24	0.09	NA	NA	NA	NA	NA	NA	NA	NA	NA	NA	NA	NA	NA	NA	NA	NA	85.6486	25.9821	254	110	40	5005	372	101	271	291	188	304	178	1089	301	2	118	769	23	486	27	52
acc1677096	India	0	50	69	78	85	1	6	65	460	3.26	0.02	0.15	0.05	0	50	69	78	85	1	6	65	460	3.26	0.02	0.15	0.05	1	46	67	77	95	1	1	5.2	16	100	2.32	4	121	0.42	4.2	0.028	85.6486	25.9821	254	110	40	5005	372	101	271	291	188	304	178	1089	301	2	118	769	23	486	27	52
acc1677097	Uzbekistan	1	92	112	122	110	0.5	6.5	35	265	4.51	0.01	0.12	0.04	1	92	112	122	110	0.5	6.5	35	265	4.51	0.01	0.12	0.04	1	67	110	119	88	1	0.5	5.6	78	508	4.13	23	86	0.42	4.2	0.02	72.2837	40.8154	140	128	31	9852	348	-56	404	89	241	260	5	248	36	2	56	101	11	17	89	463
acc1677098	Uzbekistan	1	63	97	105	100	0.5	8	38	258	5.42	0.01	0.14	0.05	1	63	97	105	100	0.5	8	38	258	5.42	0.01	0.14	0.05	1	82	110	130	88	0.5	0.5	4.6	22	83	3.56	5	25	0.84	4.2	0.005	72.2837	40.8154	140	128	31	9852	348	-56	404	89	241	260	5	248	36	2	56	101	11	17	89	463
acc1677099	South Africa	1	77	103	110	130	0	10	68	520	6.53	0.03	0.34	0.12	1	77	103	110	130	0	10	68	520	6.53	0.03	0.34	0.12	1	75	89	99	88	0.5	0.5	8.2	14	63	5	6	228	0.42	4.2	0.054	NA	NA	NA	NA	NA	NA	NA	NA	NA	NA	NA	NA	NA	NA	NA	NA	NA	NA	NA	NA	NA	NA
acc1677100	South Africa	1	45	63	70	90	1	6	93	670	2.68	0.02	0.18	0.06	1	45	63	70	90	1	6	93	670	2.68	0.02	0.18	0.06	1	50	74	89	84	1	0.5	6.4	149	935	2.88	29	336	0.42	4.2	0.08	NA	NA	NA	NA	NA	NA	NA	NA	NA	NA	NA	NA	NA	NA	NA	NA	NA	NA	NA	NA	NA	NA
acc1677101	South Africa	1	64	84	95	120	0.5	11	58	290	5.86	0.02	0.17	0.06	1	64	84	95	120	0.5	11	58	290	5.86	0.02	0.17	0.06	1	60	91	100	92	1	0.5	6.2	11	53	5.99	3	73	0.42	4.2	0.017	NA	NA	NA	NA	NA	NA	NA	NA	NA	NA	NA	NA	NA	NA	NA	NA	NA	NA	NA	NA	NA	NA
acc1677102	USA	1	73	103	115	100	1	6	56	413	4.84	0.02	0.2	0.07	1	73	103	115	100	1	6	56	413	4.84	0.02	0.2	0.07	1	70	91	100	88	0.5	0.5	6	58	295	4.4	15	137	0.42	4.2	0.032	NA	NA	NA	NA	NA	NA	NA	NA	NA	NA	NA	NA	NA	NA	NA	NA	NA	NA	NA	NA	NA	NA
acc1677103	USA	1	73	103	115	130	0	6	73	535	4.29	0.02	0.23	0.08	1	73	103	115	130	0	6	73	535	4.29	0.02	0.23	0.08	1	75	91	100	70	0.5	0.5	5.4	20	114	3.31	4	98	0.42	4.2	0.023	NA	NA	NA	NA	NA	NA	NA	NA	NA	NA	NA	NA	NA	NA	NA	NA	NA	NA	NA	NA	NA	NA
acc1677104	Kyrgyzstan	1	83	107	115	100	0.5	6	84	637	4.08	0.03	0.26	0.09	1	83	107	115	100	0.5	6	84	637	4.08	0.03	0.26	0.09	1	68	91	100	98	0.5	0.5	8.4	148	1123	5.34	62	142	0.42	4.2	0.033	75.3179	42.8224	93	120	29	10219	300	-113	413	100	207	218	-45	417	70	12	51	185	48	67	73	838
acc1677105	Kyrgyzstan	1	86	108	115	110	0.5	7	6	197	5.07	0.01	0.1	0.04	1	86	108	115	110	0.5	7	6	197	5.07	0.01	0.1	0.04	1	74	91	100	68	0.5	0.5	4.8	4	25	2.99	3	31	0.42	4.2	0.007	75.3179	42.8224	93	120	29	10219	300	-113	413	100	207	218	-45	417	70	12	51	185	48	67	73	838
acc1677106	Russia	1	71	100	110	120	0.5	8	50	235	7.23	0.02	0.19	0.07	1	71	100	110	120	0.5	8	50	235	7.23	0.02	0.19	0.07	1	74	91	100	78	0.5	0.5	10	73	588	6.97	43	252	0.42	4.2	0.06	46.5893	43.2562	115	86	24	9299	297	-48	345	213	5	234	-5	410	59	20	33	152	65	136	65	125
acc1677107	Russia	1	87	110	122	100	1	7	22	108	9.25	0.01	0.11	0.04	1	87	110	122	100	1	7	22	108	9.25	0.01	0.11	0.04	1	70	91	98	78	0.5	0.5	10.2	66	317	6.18	34	286	0.42	4.2	0.068	46.5893	43.2562	115	86	24	9299	297	-48	345	213	5	234	-5	410	59	20	33	152	65	136	65	125
acc1677108	Iran	1	57	82	108	80	0.5	7.5	48	310	5.14	0.02	0.18	0.06	1	57	82	108	80	0.5	7.5	48	310	5.14	0.02	0.18	0.06	1	51	70	91	85	1	0.5	7.6	50	240	5.63	15	229	0.42	4.2	0.054	53.688	32.4279	191	151	37	8965	401	-3	404	95	306	306	74	64	13	0	79	35	0	0	31	1138
acc1677109	Iran	1	86	110	122	150	0	8	29	240	6.72	0.02	0.18	0.06	1	86	110	122	150	0	8	29	240	6.72	0.02	0.18	0.06	1	70	91	100	90	0.5	0	9.5	155	1265	5.92	77	372	0.42	4.2	0.088	53.688	32.4279	191	151	37	8965	401	-3	404	95	306	306	74	64	13	0	79	35	0	0	31	1138
acc1677110	Korea	1	73	103	112	100	1	8	18	138	5.07	0.01	0.08	0.03	1	73	103	112	100	1	8	18	138	5.07	0.01	0.08	0.03	1	84	110	120	118	0.5	0	7.2	37	426	3.75	18	94	0.42	4.2	0.022	127.5101	40.3399	44	119	27	11059	242	-190	432	179	-108	179	-108	929	226	15	92	554	48	554	48	723
acc1677111	Uzbekistan	1	73	100	110	80	1	6.5	50	318	4.71	0.02	0.15	0.05	1	73	100	110	80	1	6.5	50	318	4.71	0.02	0.15	0.05	1	78	95	105	110	0	0	6.9	114	951	4.31	43	276	0.42	4.2	0.065	63.2032	40.2504	146	134	31	10190	368	-51	419	90	275	275	13	126	25	0	76	61	2	2	49	180
acc1677112	 nan	1	53	83	99	80	0.5	6	20	180	4.44	0.01	NA	NA	1	53	83	99	80	0.5	6	20	180	4.44	0.01	NA	NA	1	78	95	105	110	0	0	6.9	114	951	4.31	43	276	0.42	4.2	0.065	63.2032	40.2504	146	134	31	10190	368	-51	419	90	275	275	13	126	25	0	76	61	2	2	49	180
acc1677113	Uzbekistan	1	84	103	115	110	0	6	109	800	3.73	0.03	0.3	0.11	1	84	103	115	110	0	6	109	800	3.73	0.03	0.3	0.11	1	70	90	100	75	0.5	0.5	6.4	66	340	3.52	14	199	0.42	4.2	0.047	63.2032	40.2504	146	134	31	10190	368	-51	419	90	275	275	13	126	25	0	76	61	2	2	49	180
acc1677114	Uzbekistan	0	71	103	115	100	0.5	6	82	600	3.83	0.02	0.23	0.08	0	71	103	115	100	0.5	6	82	600	3.83	0.02	0.23	0.08	1	67	88	100	82	0.5	0.5	5.8	278	2028	2.61	55	198	0.42	4.2	0.047	63.2032	40.2504	146	134	31	10190	368	-51	419	90	275	275	13	126	25	0	76	61	2	2	49	180
acc1677115	Uzbekistan	1	71	103	115	110	0.5	7	60	355	4.76	0.02	0.17	0.06	1	71	103	115	110	0.5	7	60	355	4.76	0.02	0.17	0.06	1	78	112	125	98	0.5	0.5	5.1	38	234	3.69	10	86	0.42	4.2	0.02	63.2032	40.2504	146	134	31	10190	368	-51	419	90	275	275	13	126	25	0	76	61	2	2	49	180
acc1677116	Uzbekistan	1	71	103	115	90	0.5	7	55	340	3.82	0.01	0.13	0.05	1	71	103	115	90	0.5	7	55	340	3.82	0.01	0.13	0.05	1	89	120	130	78	0.5	0.5	6.6	215	1451	3.37	51	79	2.1	4.2	0.018	66.4271	39.9208	146	129	33	9063	352	-33	385	92	245	262	27	282	55	0	76	136	4	6	107	500
acc1677117	Uzbekistan	1	77	110	120	70	0.5	5.5	8	41	4.8	0	0.02	0.014	1	77	110	120	70	0.5	5.5	8	41	4.8	0	0.02	0.014	1	74	100	112	110	0.5	0.5	5.1	89	308	3.24	12	45	2.1	4.2	0.01	66.4271	39.9208	146	129	33	9063	352	-33	385	92	245	262	27	282	55	0	76	136	4	6	107	500
acc1677118	Uzbekistan	1	86	115	122	70	0.5	7	28	113	4.42	0.01	0.06	0.02	1	86	115	122	70	0.5	7	28	113	4.42	0.01	0.06	0.02	1	74	90	100	100	0.5	0	5	146	650	3.23	23	76	0.42	4.2	0.018	66.4271	39.9208	146	129	33	9063	352	-33	385	92	245	262	27	282	55	0	76	136	4	6	107	500
acc1677119	Uzbekistan	1	75	110	118	80	0.5	8	14	125	4.8	0.01	0.08	0.03	1	75	110	118	80	0.5	8	14	125	4.8	0.01	0.08	0.03	1	70	90	100	90	0.5	0.5	7.8	51	433	4.61	22	120	0.42	4.2	0.028	66.4271	39.9208	146	129	33	9063	352	-33	385	92	245	262	27	282	55	0	76	136	4	6	107	500
acc1677120	Uzbekistan	1	75	110	118	80	0.5	8	50	470	6.38	0.03	0.3	0.11	1	75	110	118	80	0.5	8	50	470	6.38	0.03	0.3	0.11	1	64	88	98	110	0.5	0.5	8.4	83	626	5.91	39	201	0.42	4.2	0.047	71.7978	40.3734	137	120	30	9696	343	-49	392	29	240	256	6	209	30	1	54	81	9	15	72	595
acc1677121	China	1	61	82	96	120	0.5	7.5	50	395	5.05	0.02	0.2	0.07	1	61	82	96	120	0.5	7.5	50	395	5.05	0.02	0.2	0.07	1	47	84	96	125	0.5	0	6.6	101	757	3.96	32	339	0.42	4.2	0.08	85.62670226	41.48275391	117	130	28	11787	329	-129	458	253	-7	253	-49	49	12	1	75	30	3	30	3	898
acc1677122	China	1	90	122	132	120	0	5	38	670	4.16	0.03	0.28	0.1	1	90	122	132	120	0	5	38	670	4.16	0.03	0.28	0.1	1	84	115	128	68	0.5	0	6.8	76	513	3.89	22	46	0.42	4.2	0.01	76.99381587	38.10221964	120	136	30	10608	329	-112	441	229	45	245	-29	43	9	1	59	20	4	17	5	1378
acc1677123	China	1	71	103	107	80	0.5	5	21	192	4.16	0.01	0.08	0.03	1	71	103	107	80	0.5	5	21	192	4.16	0.01	0.08	0.03	1	75	90	100	90	1	0.5	6.2	5	26	3.23	2	47	0.42	4.2	0.01	80.2634	41.1675	104	146	31	11028	314	-143	457	231	-34	231	-51	66	16	1	79	36	4	36	5	1107
acc1677124	China	1	92	106	116	100	0.5	6.5	69	512	4.68	0.02	0.24	0.09	1	92	106	116	100	0.5	6.5	69	512	4.68	0.02	0.24	0.09	1	73	90	100	98	0.5	0.5	5.8	10	87	3.46	5	41	0.42	4.2	0.01	80.2634	41.1675	104	146	31	11028	314	-143	457	231	-34	231	-51	66	16	1	79	36	4	36	5	1107
acc1677125	China	1	75	110	118	88	0.5	7	68	605	4.13	0.03	0.25	0.09	1	75	110	118	88	0.5	7	68	605	4.13	0.03	0.25	0.09	1	70	90	100	88	0.5	0.5	5.8	67	394	3.8	17	140	0.42	4.2	0.033	89.1898	42.9513	132	151	27	14075	397	-143	540	288	76	304	-55	21	4	0	54	9	1	9	3	41
acc1677126	China	1	73	92	102	90	1	6.5	125	364	4.12	0.02	0.15	0.05	1	73	92	102	90	1	6.5	125	364	4.12	0.02	0.15	0.05	1	64	79	94	76	0.5	0.5	6.3	25	59	3.8	4	109	0.42	4.2	0.025	85.66086115	41.17532392	118	135	29	11827	332	-131	463	255	-5	255	-48	44	11	1	84	27	3	27	3	896
acc1677127	India	1	86	112	120	100	0.5	6	40	278	4.67	0.01	0.13	0.05	1	86	112	120	100	0.5	6	40	278	4.67	0.01	0.13	0.05	1	69	91	100	105	0.5	0.5	6.6	67	371	2.78	15	81	0.42	4.2	0.019	75.2071	31.8183	235	139	39	7090	406	54	352	294	188	316	136	754	223	5	117	551	38	276	78	245
acc1677128	India	1	86	112	120	110	0	7	68	512	4.68	0.02	0.24	0.1	1	86	112	120	110	0	7	68	512	4.68	0.02	0.24	0.1	0	73	91	100	88	0.5	0.5	5.8	100	539	4.08	24	312	0.42	4.2	0.074	75.5762	31.326	239	142	40	7038	407	57	350	297	192	319	141	769	236	6	119	576	46	289	71	246
acc1677130	India	1	64	92	102	90	0.5	7.5	67	605	4.13	0.03	0.25	0.09	1	64	92	102	90	0.5	7.5	67	605	4.13	0.03	0.25	0.09	1	62	79	89	88	0.5	0.5	7.6	2	14	3.34	2	259	0.42	4.2	0.061	76.7821	30.3752	245	141	41	6794	406	68	338	297	274	323	150	921	258	6	117	685	51	331	88	277
acc1677131	India	1	48	65	73	35	1	7	125	364	4.12	0.02	0.15	0.05	1	48	65	73	35	1	7	125	364	4.12	0.02	0.15	0.05	1	37	55	65	43	1	1	5.7	118	733	4.5	35	424	0.42	4.2	0.1	77.1025	28.7041	251	132	39	6696	405	73	332	300	280	328	156	564	210	3	142	468	19	201	26	219
acc1677132	India	0	69	86	102	100	0.5	8.5	100	840	6.05	0.05	0.51	0.18	0	69	86	102	100	0.5	8.5	100	840	6.05	0.05	0.51	0.18	1	48	73	85	82	1	1	6.8	18	81	2.62	5	198	0.42	4.2	0.047	77.1025	28.7041	251	132	39	6696	405	73	332	300	280	328	156	564	210	3	142	468	19	201	26	219
acc1677133	India	0	53	71	82	75	1	8	151	1378	3.77	0.05	0.52	0.19	0	53	71	82	75	1	8	151	1378	3.77	0.05	0.52	0.19	1	46	63	70	72	1	1	8.4	66	401	3.74	17	551	0.42	4.2	0.13	75.9064	17.6599	271	131	51	3070	404	150	254	266	259	313	233	717	195	1	104	441	9	154	31	470
acc1677134	Senegal	0	65	84	102	90	1	6	44	207	7.72	0.02	0.18	0.06	0	65	84	102	90	1	6	44	207	7.72	0.02	0.18	0.06	1	54	76	90	105	1	0.5	7.3	263	1512	4.89	76	350	0.42	4.2	0.083	NA	NA	NA	NA	NA	NA	NA	NA	NA	NA	NA	NA	NA	NA	NA	NA	NA	NA	NA	NA	NA	NA
acc1677136	Canada	1	61	88	102	115	0.5	8.5	40	365	4.91	0.02	0.2	0.07	1	61	88	102	115	0.5	8.5	40	365	4.91	0.02	0.2	0.07	1	68	90	98	110	0.5	0	6.8	80	537	4.28	25	202	0.42	4.2	0.048	NA	NA	NA	NA	NA	NA	NA	NA	NA	NA	NA	NA	NA	NA	NA	NA	NA	NA	NA	NA	NA	NA
acc1677137	Ethiopea	1	63	92	108	120	0	7	55	540	5	0.03	0.27	0.1	1	63	92	108	120	0	7	55	540	5	0.03	0.27	0.1	1	51	82	95	120	0.5	0	8.1	91	314	3.82	14	161	0.42	4.2	0.038	NA	NA	NA	NA	NA	NA	NA	NA	NA	NA	NA	NA	NA	NA	NA	NA	NA	NA	NA	NA	NA	NA
acc1677138	Indonesia	1	60	82	102	75	0.5	8.5	69	602	5.14	0.03	0.31	0.11	1	60	82	102	75	0.5	8.5	69	602	5.14	0.03	0.31	0.11	1	48	68	82	80	1	1	7.3	136	623	4.81	32	173	0.42	4.2	0.041	NA	NA	NA	NA	NA	NA	NA	NA	NA	NA	NA	NA	NA	NA	NA	NA	NA	NA	NA	NA	NA	NA
acc1677139	Indonesia	1	69	88	102	75	0.5	8.5	71	383	5.22	0.02	0.2	0.07	1	69	88	102	75	0.5	8.5	71	383	5.22	0.02	0.2	0.07	1	48	73	82	102	1	1	7.3	120	551	5.26	31	189	0.42	4.2	0.045	NA	NA	NA	NA	NA	NA	NA	NA	NA	NA	NA	NA	NA	NA	NA	NA	NA	NA	NA	NA	NA	NA
acc1677141	Honduras	1	57	80	88	70	1	9	169	1594	3.7	0.06	0.59	0.21	1	57	80	88	70	1	9	169	1594	3.7	0.06	0.59	0.21	1	43	67	82	76	1	1	8.4	173	716	3.91	30	259	0.42	4.2	0.061	NA	NA	NA	NA	NA	NA	NA	NA	NA	NA	NA	NA	NA	NA	NA	NA	NA	NA	NA	NA	NA	NA
acc1677142	Vietnam	1	42	57	68	65	1	8.5	95	867	5.07	0.04	0.44	0.16	1	42	57	68	65	1	8.5	95	867	5.07	0.04	0.44	0.16	1	37	51	63	58	1	1	7.2	95	256	4.29	12	366	0.42	4.2	0.087	108.2772	14.0583	225	103	58	1709	308	131	177	233	200	244	200	1901	350	3	80	1002	34	529	34	733
acc1677143	Afghanistan	1	37	77	97	50	1	8	111	806	3.59	0.03	0.29	0.1	1	37	77	97	50	1	8	111	806	3.59	0.03	0.29	0.1	1	36	52	64	43	1	1	5.9	143	143	4.23	31	188	1.4	4.2	0.044	67.118	36.6926	173	133	32	9789	387	-18	405	69	303	303	49	183	45	0	94	109	0	0	86	381
acc1677144	Vietnam	1	42	59	65	70	1	8	100	604	5.46	0.03	0.33	0.15	1	42	59	65	70	1	8	100	604	5.46	0.03	0.33	0.15	1	43	60	68	76	1	1	7.2	68	454	3.96	20	311	0.42	4.2	0.074	105.8342	21.0278	238	70	35	4566	331	134	197	284	175	290	175	1676	332	16	81	890	65	878	65	15
acc1677145	Guinea	1	42	59	65	75	1	6	96	460	5.21	0.02	0.24	0.09	1	42	59	65	75	1	6	96	460	5.21	0.02	0.24	0.09	1	40	53	68	65	0.5	0.5	7.2	40	126	5.05	8	109	0.42	4.2	0.025	NA	NA	NA	NA	NA	NA	NA	NA	NA	NA	NA	NA	NA	NA	NA	NA	NA	NA	NA	NA	NA	NA
acc1677146	Uzbekistan	1	87	110	115	70	0.5	7	17	103	2.91	0.01	0.05	0.02	1	87	110	115	70	0.5	7	17	103	2.91	0.01	0.05	0.02	1	73	94	105	85	0.5	0.5	5.5	20	91	2.48	4	58	0.42	4.2	0.013	65.55809572	39.97213191	133	127	32	9390	343	-51	394	78	236	253	11	240	47	0	74	116	4	5	91	649
acc1677147	Uzbekistan	1	87	110	115	70	0.5	4	38	187	3.2	0.01	0.08	0.03	1	87	110	115	70	0.5	4	38	187	3.2	0.01	0.08	0.03	1	77	94	105	65	0.5	0.5	5.5	24	148	3.72	7	46	0.42	4.2	0.01	66.22720877	40.16288539	134	127	32	9224	343	-47	390	80	236	252	14	284	54	0	75	135	4	6	106	649
acc1677148	Uzbekistan	1	70	87	102	75	1	6	11	178	2.8	0.01	0.05	0.02	1	70	87	102	75	1	6	11	178	2.8	0.01	0.05	0.02	1	72	97	102	100	0.5	0.5	6.4	115	708	3.67	28	65	0.42	4.2	0.015	64.94324281	40.01346461	145	129	32	9687	359	-43	402	90	268	268	19	182	37	0	78	89	2	2	73	358
acc1677149	Turkmenistan	1	70	87	102	122	0	7	53	472	3.6	0.02	0.17	0.06	1	70	87	102	122	0	7	53	472	3.6	0.02	0.17	0.06	1	65	89	99	96	0.5	0.5	5.1	135	802	2.99	26	179	0.42	4.2	0.042	59.54031398	40.24333128	147	129	29	10622	375	-57	432	155	262	282	9	114	21	1	66	55	5	6	35	152
acc1677150	Turkmenistan	1	55	88	100	90	0.5	6	57	403	4.21	0.02	0.17	0.06	1	55	88	100	90	0.5	6	57	403	4.21	0.02	0.17	0.06	1	67	91	100	96	0.5	0.5	5.2	176	765	3.39	28	121	0.42	4.2	0.028	59.54031398	40.24333128	147	129	29	10622	375	-57	432	155	262	282	9	114	21	1	66	55	5	6	35	152
acc1677151	Uzbekistan	0	70	97	105	120	0	6	80	400	3.78	0.02	0.21	0.075	0	70	97	105	120	0	6	80	400	3.78	0.02	0.21	0.075	1	72	91	100	85	0.5	0.5	5	149	745	4.29	34	247	0.42	4.2	0.058	70.54631067	40.48356826	148	122	30	9721	360	-35	395	95	252	269	18	249	38	1	60	101	8	13	87	370
acc1677152	Iran	0	85	102	122	100	0.5	6	59	404	7.67	0.03	0.31	0.11	0	85	102	122	100	0.5	6	59	404	7.67	0.03	0.31	0.11	0	73	91	105	105	0.5	0.5	6.5	4	29	7.21	4	232	0.42	4.2	0.055	51.666	32.6539	156	153	37	8776	369	-40	409	100	259	267	40	124	20	0	75	56	1	2	56	1580
acc1677153	Pakistan	1	63	82	102	80	1	9	37	306	5.22	0.02	0.16	0.06	1	63	82	102	80	1	9	37	306	5.22	0.02	0.16	0.06	1	76	91	104	118	0.5	0.75	10.2	59	449	4	20	154	0.42	4.2	0.036	69.3451	30.3753	186	150	40	7785	359	-9	368	279	137	279	79	294	70	4	74	144	21	144	47	1433
acc1677154	Pakistan	1	48	65	75	70	1	8	74	720	3.75	0.03	0.27	0.1	1	48	65	75	70	1	8	74	720	3.75	0.03	0.27	0.1	1	49	69	80	80	1	1	7.3	74	608	2.96	20	307	1.05	4.2	0.073	NA	NA	NA	NA	NA	NA	NA	NA	NA	NA	NA	NA	NA	NA	NA	NA	NA	NA	NA	NA	NA	NA
acc1677155	Pakistan	1	43	58	65	65	1	8	131	777	3.86	0.03	0.3	0.11	1	43	58	65	65	1	8	131	777	3.86	0.03	0.3	0.11	1	42	60	68	84	1	1	6.9	91	688	3.19	24	347	0.42	4.2	0.082	NA	NA	NA	NA	NA	NA	NA	NA	NA	NA	NA	NA	NA	NA	NA	NA	NA	NA	NA	NA	NA	NA
acc1677156	Turkmenistan	1	87	110	120	80	1	7	18	122	5.73	0.01	0.09	0.03	1	87	110	120	80	1	7	18	122	5.73	0.01	0.09	0.03	1	81	95	105	68	0.5	0.5	5.8	10	4	2.68	2	46	0.84	4.2	0.01	63.5688	39.0041	153	144	36	9190	367	-29	396	104	269	269	33	138	30	0	85	72	0	0	59	188
acc1677157	Pakistan	1	45	59	66	40	1	7	85	924	3.46	0.03	0.32	0.11	1	45	59	66	40	1	7	85	924	3.46	0.03	0.32	0.11	1	44	60	74	65	1	1	7.5	134	837	3.34	30	368	0.42	4.2	0.087	73.135	31.4504	242	142	39	7601	407	44	363	313	194	326	135	341	99	3	105	222	17	214	38	187
acc1677159	Pakistan	1	45	60	68	50	1	6.5	110	915	3.27	0.03	0.3	0.11	1	45	60	68	50	1	6.5	110	915	3.27	0.03	0.3	0.11	1	40	58	68	58	1	1	7.8	155	825	3.39	330	331	0.42	4.2	0.078	73.135	31.4504	242	142	39	7601	407	44	363	313	194	326	135	341	99	3	105	222	17	214	38	187
acc1677160	Tansania	1	50	70	79	80	0.5	9	79	783	7.66	0.06	0.6	0.21	1	50	70	79	80	0.5	9	79	783	7.66	0.06	0.6	0.21	1	51	75	91	120	0.5	0	9.9	96	401	9.22	39	529	0.42	4.2	0.125	NA	NA	NA	NA	NA	NA	NA	NA	NA	NA	NA	NA	NA	NA	NA	NA	NA	NA	NA	NA	NA	NA
acc1677161	Iran	1	53	71	80	125	0.5	8.5	159	1317	3.94	0.05	0.52	0.19	1	53	71	80	125	0.5	8.5	159	1317	3.94	0.05	0.52	0.19	1	50	75	90	82	0.5	0.75	6.8	91	368	4.07	17	121	0.42	4.2	0.028	47.0778	34.3277	134	158	39	8282	359	-39	398	71	240	240	26	437	76	0	81	203	0	0	184	1338
acc1677162	Iran	1	59	75	84	120	0.5	7.5	77	567	5.82	0.03	0.33	0.12	1	59	75	84	120	0.5	7.5	77	567	5.82	0.03	0.33	0.12	1	51	75	88	80	0.5	0.5	7.2	73	390	5.64	24	396	0.42	4.2	0.094	53.688	32.4279	191	151	37	8965	401	-3	404	95	306	306	74	64	13	0	79	35	0	0	31	1138
acc1677313	India	1	60	80	92	110	1	7.5	82	300	4	0.06	0.64	0.23	1	60	80	92	110	1	7.5	82	300	4	0.06	0.64	0.23	0	65	86	100	78	1	1	7.9	184	1315	4.33	59	268	0.42	4.2	0.063	77.209	28.6139	252	130	39	6769	406	73	333	300	166	329	155	693	246	3	139	563	24	258	31	213
acc1677314	Pakistan	1	37	50	59	80	1	9.5	66	527	3.22	0.05	0.52	0.19	1	37	50	59	80	1	9.5	66	527	3.22	0.05	0.52	0.19	1	48	67	86	76	1	1	8.2	203	1185	3.62	45	295	0.42	4.2	0.07	73.0169	33.5651	215	141	38	7536	395	29	366	288	167	303	112	912	235	15	92	549	72	492	145	507
acc1677315	Pakistan	1	44	59	66	78	1	9	307	1776	3.37	0.06	0.6	0.21	1	44	59	66	78	1	9	307	1776	3.37	0.06	0.6	0.21	NA	NA	NA	NA	NA	NA	NA	NA	NA	NA	NA	NA	NA	NA	NA	NA	73.0169	33.5651	215	141	38	7536	395	29	366	288	167	303	112	912	235	15	92	549	72	492	145	507
acc1677316	Pakistan	0	87	117	125	70	1	5.5	18	132	3.03	0.01	0.05	0.02	0	87	117	125	70	1	5.5	18	132	3.03	0.01	0.05	0.02	0	77	93	105	56	1	1	6.5	27	135	2.84	6	27	0.84	4.2	0.006	71.6888	34.0155	227	139	37	7980	409	35	374	179	176	322	118	424	71	10	55	156	49	132	104	306
acc1677317	Pakistan	0	65	102	110	70	1	5	89	575	3.47	0.02	0.2	0.07	0	65	102	110	70	1	5	89	575	3.47	0.02	0.2	0.07	0	70	86	96	74	1	1	6.9	129	583	3.25	21	128	0.42	4.2	0.03	77.227	28.6001	252	130	39	6769	406	73	333	300	166	329	155	693	245	3	138	561	25	256	32	213
acc1677318	Egypt	1	73	102	112	80	1	7.5	27	182	3.84	0.01	0.08	0.03	1	73	102	112	80	1	7.5	27	182	3.84	0.01	0.08	0.03	1	74	90	100	78	0.5	0.5	6.4	182	617	2.75	19	116	0.42	4.2	0.027	NA	NA	NA	NA	NA	NA	NA	NA	NA	NA	NA	NA	NA	NA	NA	NA	NA	NA	NA	NA	NA	NA
acc1677319	Kazakhstan	1	67	84	100	120	0.5	10.5	63	460	6.08	0.03	0.28	0.1	1	67	84	100	120	0.5	10.5	63	460	6.08	0.03	0.28	0.1	1	52	88	98	110	0.5	0.5	8.8	21	46	5.3	4	162	0.42	4.2	0.038	77.5573	44.7689	77	112	25	11521	294	-141	435	155	204	219	-77	301	38	15	27	100	56	65	60	596
acc1677170	Uzbekistan	0	55	71	84	130	0	11	99	1067	7.77	0.08	0.83	0.3	0	55	71	84	130	0	11	99	1067	7.77	0.08	0.83	0.3	1	46	67	78	80	0.5	0	8.5	59	579	8.8	53	508	0.42	4.2	0.12	67.1418	39.4065	128	128	34	8429	327	-43	370	76	223	236	18	372	70	0	74	179	6	9	131	946
acc1677172	Uzbekistan	1	92	112	118	88	0.5	5	21	104	4.8	0.01	0.06	0.02	1	92	112	118	88	0.5	5	21	104	4.8	0.01	0.06	0.02	1	70	90	100	130	0.5	0	4	234	676	3.69	27	110	0.42	4.2	0.026	67.43372406	40.02304395	141	128	33	8828	346	-33	379	88	240	254	26	371	65	0	72	171	7	10	136	642
acc1677173	Uzbekistan	0	92	124	138	90	0.5	7.5	33	128	6.25	0.01	0.1	0.04	0	92	124	138	90	0.5	7.5	33	128	6.25	0.01	0.1	0.04	0	70	90	100	88	0.5	0.5	6.2	6	14	6.73	2	78	0.42	4.2	0.018	67.48677811	39.98285149	141	128	33	8777	346	-32	378	88	239	254	27	375	65	0	70	172	7	10	137	643
acc1677174	Uzbekistan	1	87	117	128	100	0.5	5.5	16	97	5.15	0.01	0.06	0.02	1	87	117	128	100	0.5	5.5	16	97	5.15	0.01	0.06	0.02	1	78	98	100	92	0.5	0.5	3.5	3	6	4.34	2	22	0.42	4.2	0.005	63.7806129	41.77340606	138	122	27	11388	372	-75	447	74	262	283	-11	121	21	1	63	54	5	6	43	148
acc1677175	Kazakhstan	1	84	112	122	120	0	9	30	285	7.01	0.02	0.2	0.08	1	84	112	122	120	0	9	30	285	7.01	0.02	0.2	0.08	1	61	84	94	85	0.5	0	7.4	50	269	4.83	15	89	0.42	4.2	0.021	75.33514366	43.47490981	90	116	27	10484	300	-115	415	96	207	220	-50	385	63	12	48	164	44	63	71	700
acc1677176	Algeria	1	84	112	122	120	0	11	38	387	8.26	0.03	0.32	0.11	1	84	112	122	120	0	11	38	387	8.26	0.03	0.32	0.11	1	67	79	89	110	0.5	0	11.5	172	680	7.35	52	131	0.42	4.2	0.031	NA	NA	NA	NA	NA	NA	NA	NA	NA	NA	NA	NA	NA	NA	NA	NA	NA	NA	NA	NA	NA	NA
acc1677177	Tansania	1	69	97	107	70	0.5	5.5	60	556	3.92	0.02	0.22	0.12	1	69	97	107	70	0.5	5.5	60	556	3.92	0.02	0.22	0.12	1	56	74	87	96	1	1	6.8	265	1227	3.66	47	140	0.42	4.2	0.03	NA	NA	NA	NA	NA	NA	NA	NA	NA	NA	NA	NA	NA	NA	NA	NA	NA	NA	NA	NA	NA	NA
acc1677178	Australia	1	64	87	107	85	1	8	62	545	4.22	0.02	0.23	0.12	1	64	87	107	85	1	8	62	545	4.22	0.02	0.23	0.12	1	66	81	94	105	1	0.5	6.7	120	481	3.53	19	93	0.42	4.2	0.022	NA	NA	NA	NA	NA	NA	NA	NA	NA	NA	NA	NA	NA	NA	NA	NA	NA	NA	NA	NA	NA	NA
acc1677179	Russia	1	53	73	80	90	0.5	8	79	571	4.55	0.03	0.26	0.09	1	53	73	80	90	0.5	8	79	571	4.55	0.03	0.26	0.09	1	52	81	94	125	0.5	0.75	7.8	59	401	5.48	24	119	0.42	4.2	0.028	NA	NA	NA	NA	NA	NA	NA	NA	NA	NA	NA	NA	NA	NA	NA	NA	NA	NA	NA	NA	NA	NA
acc1677180	USA	1	53	73	80	110	1	7	44	317	5.67	0.02	0.2	0.07	1	53	73	80	110	1	7	44	317	5.67	0.02	0.2	0.07	1	50	68	89	88	1	1	9.2	140	812	5.91	50	125	0.42	4.2	0.029	NA	NA	NA	NA	NA	NA	NA	NA	NA	NA	NA	NA	NA	NA	NA	NA	NA	NA	NA	NA	NA	NA
acc1677181	Afghanistan	1	44	69	82	70	1	6.5	65	484	4.13	0.02	0.2	0.07	1	44	69	82	70	1	6.5	65	484	4.13	0.02	0.2	0.07	1	63	91	100	105	0.5	0.75	6.1	145	1000	3.3	35	167	0.42	4.2	0.039	69.8121	34.7602	134	116	33	8248	308	-41	349	77	197	239	24	571	132	10	87	341	40	44	171	1791
acc1677182	Afghanistan	1	59	78	88	115	0.5	6.5	62	444	3.6	0.02	0.16	0.06	1	59	78	88	115	0.5	6.5	62	444	3.6	0.02	0.16	0.06	1	49	74	89	101	0.5	0.75	5.6	192	776	4.12	34	158	0.42	4.2	0.037	69.8121	34.7602	134	116	33	8248	308	-41	349	77	197	239	24	571	132	10	87	341	40	44	171	1791
acc1677184	Afghanistan	1	64	82	90	110	0.5	7	65	576	3.47	0.02	0.2	0.07	1	64	82	90	110	0.5	7	65	576	3.47	0.02	0.2	0.07	1	60	81	91	103	1	1	5.9	56	158	3.42	7	112	0.42	4.2	0.026	NA	NA	NA	NA	NA	NA	NA	NA	NA	NA	NA	NA	NA	NA	NA	NA	NA	NA	NA	NA	NA	NA
acc1677185	Afghanistan	1	64	82	90	120	0	9	67	631	6.97	0.04	0.44	0.16	1	64	82	90	120	0	9	67	631	6.97	0.04	0.44	0.16	1	47	66	79	58	0	0	9.2	34	166	5.2	10	257	0.42	4.2	0.061	67.118	36.6926	173	133	32	9789	387	-18	405	69	303	303	49	183	45	0	94	109	0	0	86	381
acc1677186	Afghanistan	1	70	87	100	120	0.5	11	36	316	7.59	0.02	0.24	0.09	1	70	87	100	120	0.5	11	36	316	7.59	0.02	0.24	0.09	1	49	73	87	97	0.5	0	7.9	30	93	6.64	8	283	0.42	4.2	0.067	67.118	36.6926	173	133	32	9789	387	-18	405	69	303	303	49	183	45	0	94	109	0	0	86	381
acc1677187	Afghanistan	0	64	87	94	115	1	8.5	98	772	6.47	0.05	0.5	0.21	0	64	87	94	115	1	8.5	98	772	6.47	0.05	0.5	0.21	1	50	68	89	70	1	0.5	5.8	107	260	5.76	17	112	0.42	4.2	0.026	67.118	36.6926	173	133	32	9789	387	-18	405	69	303	303	49	183	45	0	94	109	0	0	86	381
acc1677188	Afghanistan	1	57	80	89	115	0	12.5	56	586	6.14	0.04	0.36	0.13	1	57	80	89	115	0	12.5	56	586	6.14	0.04	0.36	0.13	1	48	68	87	80	0.5	0	10.1	34	153	5.88	11	142	0.42	4.2	0.033	67.71	33.9391	-18	133	32	8961	178	-233	411	-79	82	91	-142	484	96	2	79	263	11	17	186	3868
acc1677189	Columbia	0	57	80	89	80	1	6.5	61	516	3.87	0.02	0.2	0.07	0	57	80	89	80	1	6.5	61	516	3.87	0.02	0.2	0.07	0	48	68	79	82	1	1	6.4	12	25	3.51	2	140	0.42	4.2	0.033	NA	NA	NA	NA	NA	NA	NA	NA	NA	NA	NA	NA	NA	NA	NA	NA	NA	NA	NA	NA	NA	NA
acc1677190	Philippines	0	60	77	84	100	1	8	29	177	5.64	0.01	0.12	0.04	0	60	77	84	100	1	8	29	177	5.64	0.01	0.12	0.04	0	51	85	98	82	1	0.5	8.8	80	296	4.3	16	69	0.42	4.2	0.016	120.9842	14.5995	273	80	64	1114	339	214	125	273	263	288	258	2059	445	8	90	1199	36	429	88	9
acc1677191	Kenya	0	60	77	84	120	1	12	45	298	8.05	0.03	0.26	0.09	0	60	77	84	120	1	12	45	298	8.05	0.03	0.26	0.09	0	50	73	89	87	1	1	9.2	37	195	5.87	14	111	0.42	4.2	0.026	NA	NA	NA	NA	NA	NA	NA	NA	NA	NA	NA	NA	NA	NA	NA	NA	NA	NA	NA	NA	NA	NA
acc1677192	Kenya	0	50	70	77	80	1	8	86	676	5.76	0.04	0.39	0.14	0	50	70	77	80	1	8	86	676	5.76	0.04	0.39	0.14	0	48	62	68	59	1	0.5	8.2	66	441	5.66	27	431	0.42	4.2	0.102	NA	NA	NA	NA	NA	NA	NA	NA	NA	NA	NA	NA	NA	NA	NA	NA	NA	NA	NA	NA	NA	NA
acc1677193	Kenya	1	50	70	77	115	1	8	39	271	7.01	0.02	0.19	0.07	1	50	70	77	115	1	8	39	271	7.01	0.02	0.19	0.07	NA	NA	NA	NA	NA	NA	NA	NA	NA	NA	NA	NA	NA	NA	NA	NA	NA	NA	NA	NA	NA	NA	NA	NA	NA	NA	NA	NA	NA	NA	NA	NA	NA	NA	NA	NA	NA	NA
acc1677194	Kenya	1	46	60	67	65	1	7.5	71	580	3.79	0.02	0.22	0.08	1	46	60	67	65	1	7.5	71	580	3.79	0.02	0.22	0.08	1	40	53	63	58	1	1	7.2	95	756	3.57	29	514	0.42	4.2	0.122	NA	NA	NA	NA	NA	NA	NA	NA	NA	NA	NA	NA	NA	NA	NA	NA	NA	NA	NA	NA	NA	NA
acc1677195	Kenya	1	60	74	86	100	1	7.5	40	293	6.48	0.02	0.19	0.07	1	60	74	86	100	1	7.5	40	293	6.48	0.02	0.19	0.07	1	56	82	89	68	1	1	6.4	43	400	6.25	27	147	0.42	4.2	0.035	NA	NA	NA	NA	NA	NA	NA	NA	NA	NA	NA	NA	NA	NA	NA	NA	NA	NA	NA	NA	NA	NA
acc1677196	Kenya	0	70	87	97	102	1	7.5	71	604	3.14	0.02	0.19	0.07	0	70	87	97	102	1	7.5	71	604	3.14	0.02	0.19	0.07	1	64	86	96	75	1	1	7.2	272	1764	3.79	69	286	0.52	4.2	0.068	NA	NA	NA	NA	NA	NA	NA	NA	NA	NA	NA	NA	NA	NA	NA	NA	NA	NA	NA	NA	NA	NA
acc1677197	Kenya	1	50	73	88	100	1	8.5	35	265	4.9	0.01	0.13	0.05	1	50	73	88	100	1	8.5	35	265	4.9	0.01	0.13	0.05	1	64	86	96	99	1	0.5	7.7	85	629	4.76	32	297	0.42	4.2	0.07	NA	NA	NA	NA	NA	NA	NA	NA	NA	NA	NA	NA	NA	NA	NA	NA	NA	NA	NA	NA	NA	NA
acc1677198	Kenya	1	60	73	82	100	1	6.5	73	565	3.71	0.02	0.21	0.08	1	60	73	82	100	1	6.5	73	565	3.71	0.02	0.21	0.08	1	64	86	96	110	1	0.5	6.9	128	1005	3.18	34	383	0.42	4.2	0.091	NA	NA	NA	NA	NA	NA	NA	NA	NA	NA	NA	NA	NA	NA	NA	NA	NA	NA	NA	NA	NA	NA
acc1677199	Kenya	0	64	86	100	120	1	6	41	330	7.27	0.02	0.24	0.09	0	64	86	100	120	1	6	41	330	7.27	0.02	0.24	0.09	0	64	86	96	90	1	1	7.7	72	415	6.74	30	200	0.42	4.2	0.047	NA	NA	NA	NA	NA	NA	NA	NA	NA	NA	NA	NA	NA	NA	NA	NA	NA	NA	NA	NA	NA	NA
acc1677200	Kenya	0	67	86	102	90	1	9	75	686	6.12	0.04	0.42	0.15	0	67	86	102	90	1	9	75	686	6.12	0.04	0.42	0.15	0	56	82	92	105	1	1	8.8	106	565	6.37	38	337	0.52	4.2	0.08	NA	NA	NA	NA	NA	NA	NA	NA	NA	NA	NA	NA	NA	NA	NA	NA	NA	NA	NA	NA	NA	NA
acc1677201	North Korea	1	46	60	68	70	0.5	7	72	449	6.45	0.03	0.29	0.16	1	46	60	68	70	0.5	7	72	449	6.45	0.03	0.29	0.16	1	59	78	83	78	1	1	7.9	11	120	4.56	7	79	0.42	4.2	0.018	127.0392	35.8987	130	100	27	9379	305	-54	359	248	7	248	7	1263	275	34	73	664	109	664	109	4
acc1677202	Australia	0	59	77	84	90	0.5	10	94	733	6.54	0.05	0.48	0.23	0	59	77	84	90	0.5	10	94	733	6.54	0.05	0.48	0.23	1	51	68	79	72	1	1	8.8	55	440	5.9	28	354	0.42	4.2	0.084	NA	NA	NA	NA	NA	NA	NA	NA	NA	NA	NA	NA	NA	NA	NA	NA	NA	NA	NA	NA	NA	NA
acc1677203	Kenya	0	42	59	66	60	0.5	7	180	894	3.8	0.03	0.34	0.2	0	42	59	66	60	0.5	7	180	894	3.8	0.03	0.34	0.2	0	40	52	63	47	1	0.5	7.4	65	501	4.39	24	343	0.42	4.2	0.081	NA	NA	NA	NA	NA	NA	NA	NA	NA	NA	NA	NA	NA	NA	NA	NA	NA	NA	NA	NA	NA	NA
acc1677204	Kenya	0	63	100	110	70	1	7.5	10	54	5.5	0	0.04	0.01	0	63	100	110	70	1	7.5	10	54	5.5	0	0.04	0.01	1	62	86	98	78	0.5	0.5	6.7	37	167	4.13	10	24	1.05	4.2	0.005	NA	NA	NA	NA	NA	NA	NA	NA	NA	NA	NA	NA	NA	NA	NA	NA	NA	NA	NA	NA	NA	NA
acc1677205	Kenya	1	57	75	84	110	1	10	78	694	6.62	0.05	0.46	0.17	1	57	75	84	110	1	10	78	694	6.62	0.05	0.46	0.17	0	51	68	74	64	1	1	8.2	34	279	7.6	19	468	0.42	4.2	0.111	NA	NA	NA	NA	NA	NA	NA	NA	NA	NA	NA	NA	NA	NA	NA	NA	NA	NA	NA	NA	NA	NA
acc1677206	Kenya	0	59	80	92	80	1	8	57	439	8.65	0.04	0.4	0.14	0	59	80	92	80	1	8	57	439	8.65	0.04	0.4	0.14	0	70	95	105	124	0.5	0.75	8.8	27	107	7.05	9	76	0.42	4.2	0.018	NA	NA	NA	NA	NA	NA	NA	NA	NA	NA	NA	NA	NA	NA	NA	NA	NA	NA	NA	NA	NA	NA
acc1677207	Kazakhstan	0	88	117	127	140	0	7	20	123	7.31	0.01	0.11	0.09	0	88	117	127	140	0	7	20	123	7.31	0.01	0.11	0.09	1	74	95	105	125	0	0	9.9	91	372	5.22	21	80	0.42	4.2	0.019	68.2581	43.1521	125	136	30	10935	363	-78	441	65	244	263	-20	213	32	1	64	86	6	10	79	188
acc1677208	Kazakhstan	1	84	103	120	100	0.5	6.5	17	74	6.75	0.01	0.06	0.05	1	84	103	120	100	0.5	6.5	17	74	6.75	0.01	0.06	0.05	1	78	95	105	126	0	0	10.4	91	404	5.94	26	123	0.42	4.2	0.029	69.0851	43.0631	124	134	30	10628	357	-76	433	64	240	258	-17	272	43	1	63	113	7	12	98	275
acc1677209	Kazakhstan	1	65	86	103	75	0.5	8	20	106	6.6	0.01	0.08	0.05	1	65	86	103	75	0.5	8	20	106	6.6	0.01	0.08	0.05	1	61	86	96	92	0.5	0.5	8	39	234	4.84	14	76	0.42	4.2	0.018	69.4133	41.5295	137	129	32	9263	352	-42	394	83	240	256	16	464	78	3	64	198	14	22	169	534
acc1677210	Kazakhstan	1	49	63	71	75	1	9	115	841	3.8	0.03	0.32	0.11	1	49	63	71	75	1	9	115	841	3.8	0.03	0.32	0.11	1	46	69	78	88	1	1	7.2	121	476	3.27	16	295	0.42	4.2	0.07	NA	NA	NA	NA	NA	NA	NA	NA	NA	NA	NA	NA	NA	NA	NA	NA	NA	NA	NA	NA	NA	NA
acc1677211	North Korea	1	55	71	78	86	1	8	28	175	4.57	0.01	0.1	0.035	1	55	71	78	86	1	8	28	175	4.57	0.01	0.1	0.035	1	52	80	92	82	1	1	6.1	175	1020	4.11	44	118	0.42	4.2	0.028	127.0392	35.8987	130	100	27	9379	305	-54	359	248	7	248	7	1263	275	34	73	664	109	664	109	4
acc1677212	North Korea	1	87	110	116	100	0.5	7	76	506	4.94	0.03	0.25	0.1	1	87	110	116	100	0.5	7	76	506	4.94	0.03	0.25	0.1	1	67	89	100	110	0.5	0.75	7.2	97	493	4.86	26	75	0.42	4.2	0.017	127.0392	35.8987	130	100	27	9379	305	-54	359	248	7	248	7	1263	275	34	73	664	109	664	109	4
acc1677213	North Korea	1	70	103	110	140	0	7.5	48	370	6.48	0.02	0.24	0.09	1	70	103	110	140	0	7.5	48	370	6.48	0.02	0.24	0.09	1	73	91	103	88	0.5	0	11.5	257	1724	4.87	86	183	2.2	4.2	0.043	127.0392	35.8987	130	100	27	9379	305	-54	359	248	7	248	7	1263	275	34	73	664	109	664	109	4
acc1677214	Tajikistan	1	60	100	112	140	0	10	54	290	6.2	0.02	0.2	0.07	1	60	100	112	140	0	10	54	290	6.2	0.02	0.2	0.07	1	64	81	91	78	0.5	0.75	8.6	10	69	4.88	5	87	0.42	4.2	0.02	71.003	38.0116	-40	95	25	8849	146	-224	370	-49	66	70	-158	932	157	10	62	430	47	75	292	4087
acc1677215	Tajikistan	1	60	100	112	140	0	9.5	39	344	6.97	0.02	0.24	0.11	1	60	100	112	140	0	9.5	39	344	6.97	0.02	0.24	0.11	1	69	93	100	98	0.5	0	11.2	64	35	6.17	27	146	0.42	4.2	0.034	67.95722151	37.07479266	161	139	35	9076	374	-22	396	110	278	278	43	244	58	0	89	135	0	0	100	497
acc1677216	Tajikistan	1	47	71	80	100	0.5	8.5	59	637	4.7	0.06	0.63	0.26	1	47	71	80	100	0.5	8.5	59	637	4.7	0.06	0.63	0.26	NA	NA	NA	NA	NA	NA	NA	NA	NA	NA	NA	NA	NA	NA	NA	NA	68.00405917	37.02892587	162	139	35	9073	375	-22	397	111	279	279	44	244	58	0	90	137	0	0	99	515
acc1677217	Tajikistan	1	72	102	112	140	0.5	8	15	105	5.71	0.01	0.08	0.09	1	72	102	112	140	0.5	8	15	105	5.71	0.01	0.08	0.09	1	56	79	90	96	0.5	0	9.4	129	675	6.07	43	152	0.42	4.2	0.036	68.01233877	39.17933758	61	117	31	8281	256	-110	366	58	156	167	-48	698	126	3	71	343	19	29	224	2224
acc1677218	Philippines	1	59	77	84	85	1	7.5	43	347	5.18	0.02	0.2	0.07	1	59	77	84	85	1	7.5	43	347	5.18	0.02	0.2	0.07	1	50	68	75	108	1	1	9.4	4	3	7.96	2	165	0.42	4.2	0.039	120.9842	14.5995	273	80	64	1114	339	214	125	273	263	288	258	2059	445	8	90	1199	36	429	88	9
acc1677219	Philippines	1	87	117	127	70	1	5.5	16	72	5.55	0.01	0.06	0.05	1	87	117	127	70	1	5.5	16	72	5.55	0.01	0.06	0.05	1	63	81	91	100	1	1	4.2	25	90	5.18	7	102	0.42	4.2	0.024	120.9842	14.5995	273	80	64	1114	339	214	125	273	263	288	258	2059	445	8	90	1199	36	429	88	9
acc1677220	China	1	55	82	100	150	0	7	101	971	4.32	0.04	0.42	0.17	1	55	82	100	150	0	7	101	971	4.32	0.04	0.42	0.17	1	56	91	100	105	0.5	0.5	7.8	141	994	5.73	59	266	0.42	4.2	0.063	116.2305	40.2374	117	118	28	10951	313	-103	416	251	-31	251	-31	611	213	3	141	480	12	480	12	133
acc1677222	China	1	69	87	102	85	1	8.5	55	461	5.2	0.02	0.24	0.15	1	69	87	102	85	1	8.5	55	461	5.2	0.02	0.24	0.15	1	62	89	100	96	0.5	0.5	8.2	69	360	4.65	18	106	0.42	4.2	0.025	116.2305	40.2374	117	118	28	10951	313	-103	416	251	-31	251	-31	611	213	3	141	480	12	480	12	133
acc1677223	China	1	55	67	73	75	0.5	8	116	1083	4.7	0.05	0.51	0.18	1	55	67	73	75	0.5	8	116	1083	4.7	0.05	0.51	0.18	1	46	66	74	55	0.5	0.5	9.1	70	612	5.55	36	322	0.42	4.2	0.076	112.2384	30.7378	166	83	26	8468	321	3	318	272	53	272	53	1018	168	24	54	444	91	444	91	62
acc1677224	China	1	55	70	76	90	0.5	7.5	68	486	5.34	0.03	0.26	0.16	1	55	70	76	90	0.5	7.5	68	486	5.34	0.03	0.26	0.16	1	49	66	75	85	1	1	6.5	14	23	6.27	2	276	0.42	4.2	0.065	112.2384	30.7378	166	83	26	8468	321	3	318	272	53	272	53	1018	168	24	54	444	91	444	91	62
acc1677225	China	1	55	73	83	90	0.5	8	102	869	5.06	0.04	0.44	0.21	1	55	73	83	90	0.5	8	102	869	5.06	0.04	0.44	0.21	1	50	73	89	72	0.5	0.5	7.5	188	770	4.54	37	166	0.42	4.2	0.039	116.2305	40.2374	117	118	28	10951	313	-103	416	251	-31	251	-31	611	213	3	141	480	12	480	12	133
acc1677226	China	1	51	67	76	85	0.5	12	72	584	5.47	0.03	0.32	0.19	1	51	67	76	85	0.5	12	72	584	5.47	0.03	0.32	0.19	1	43	65	74	55	0.5	0.5	5.9	47	272	5.39	14	300	0.7	4.2	0.071	114.9042	37.8957	131	118	28	10704	322	-87	409	262	-15	262	-15	452	138	4	118	323	13	323	13	44
acc1677227	China	1	59	80	98	85	0.5	8.5	33	264	5.3	0.02	0.16	0.06	1	59	80	98	85	0.5	8.5	33	264	5.3	0.02	0.16	0.06	1	69	94	105	90	0.5	0.5	6.5	36	352	5.39	21	103	0.42	4.2	0.024	114.9042	37.8957	131	118	28	10704	322	-87	409	262	-15	262	-15	452	138	4	118	323	13	323	13	44
acc1677228	China	1	45	61	71	75	0.5	9	136	1295	4.16	0.05	0.54	0.21	1	45	61	71	75	0.5	9	136	1295	4.16	0.05	0.54	0.21	1	42	65	76	48	0.5	0.5	9.4	27	210	4.39	12	440	0.42	4.2	0.104	128.7382	47.1216	6	130	23	15023	258	-298	556	186	-202	186	-202	652	166	5	100	416	19	416	19	386
acc1677229	China	1	48	65	70	65	1	9	67	639	5.16	0.03	0.33	0.19	1	48	65	70	65	1	9	67	639	5.16	0.03	0.33	0.19	1	46	67	79	73	0.5	0.5	8.8	49	243	4.2	12	169	0.42	4.2	0.04	128.7382	47.1216	6	130	23	15023	258	-298	556	186	-202	186	-202	652	166	5	100	416	19	416	19	386
acc1677230	China	1	59	80	98	110	1	9.38	38	320	7.81	0.03	0.27	0.17	1	59	80	98	110	1	9.38	38	320	7.81	0.03	0.27	0.17	1	62	89	100	78	0.5	0.5	12.8	21	88	6.77	8	121	0.42	4.2	0.028	116.2305	40.2374	117	118	28	10951	313	-103	416	251	-31	251	-31	611	213	3	141	480	12	480	12	133
acc1677231	China	1	53	71	80	80	0.5	9	95	737	4.47	0.03	0.33	0.12	1	53	71	80	80	0.5	9	95	737	4.47	0.03	0.33	0.12	1	81	98	108	56	0.5	0.5	7.4	40	247	5.07	14	97	0.42	4.2	0.023	128.7382	47.1216	6	130	23	15023	258	-298	556	186	-202	186	-202	652	166	5	100	416	19	416	19	386
