Sample	LeafShape	FlowCol	FluffCol	FlowGroup	Height	GrowthType	Polegaemost	GermBMatur	MaturType	PodShat	Yield	Protein	Oil	Productivity
V_1	1	0	0	5	92.5	0	1	123	5	nan	nan	39.8	16.5	96
V_2	1	1	0	5	155	0	1	143	6	nan	nan	nan	nan	nan
V_3	1	1	0	5	112.5	0	0	137	5	nan	nan	42.1	18.3	84
V_4	1	1	0	4	77.5	0.5	0	108	3	nan	nan	43.5	17.9	109
V_5	1	0	0	5	82.5	0.5	0	132	5	nan	nan	40.8	19.4	113
V_6	1	1	2	2	77.5	0	0	100	3	nan	nan	42.4	20	116
V_7	1	1	2	4	102.5	0	1	128	5	nan	nan	41.1	15.6	46
V_8	1	1	3	5	102.5	0	1	131	5	nan	nan	43.1	17.9	53
V_9	1	1	2	5	155	0	1	143	6	nan	nan	nan	nan	nan
V_10	1	1	0	5	122.5	0.5	0	133	5	nan	nan	44.7	18.1	51
V_11	1	1	0	5	105	0	1	143	6	nan	nan	nan	nan	nan
V_12	1	0	2	3	42.5	1	0	92	2	nan	nan	40.7	15.1	36
V_13	1	1	2	5	97.5	0.5	0.5	133	5	nan	nan	43.1	18.4	49
V_14	1	1	0	4.5	92.5	0	0	118	4	nan	nan	42.6	20.2	113
V_15	1	1	0	4.5	82.5	0	0.5	113	4	nan	nan	42.4	19.5	124
V_16	1	0	0	5	115	0.5	0	143	6	nan	nan	nan	nan	nan
V_17	1	1	0	5	85	1	0.5	143	6	nan	nan	nan	nan	nan
V_19	1	1	2	5	107.5	0.5	0	131	5	nan	nan	42.7	16.7	46
V_20	1	1	0	4	57.5	1	0	95	2	nan	nan	39.8	18.3	129
V_21	1	1	2	3	52.5	0.5	0	102	3	nan	nan	41.1	21.3	143
V_22	1	1	2	4	62.5	1	0	121	5	nan	nan	39.7	21.9	118
V_23	1	0	0	4.5	87.5	0.5	0	118	4	nan	nan	40.8	20.4	124
V_24	1	1	0	5	82.5	0.5	0	136	5	nan	nan	41	20.8	89
V_25	1	1	1	3	47.5	1	0	108	3	nan	nan	44.3	19.1	140
V_26	1	0	2	1	32.5	1	0	85	1	nan	nan	45.5	17.2	82
V_27	1	0	0	5	92.5	1	0	143	6	nan	nan	nan	nan	nan
V_28	1	1	0	5	145	0.5	0	143	6	nan	nan	nan	nan	nan
V_29	1	1	0	3	47.5	1	0	96	2	nan	nan	42.9	17.4	86
V_30	1	1	0	5	77.5	1	0	143	6	nan	nan	nan	nan	nan
V_31	2	0	0	4.5	145	1	0	143	6	nan	nan	nan	nan	nan
V_32	1	0	2	5	105	1	0	143	6	nan	nan	nan	nan	nan
V_33	1	1	0	5	72.5	1	0	135	5	nan	nan	39.6	17.5	94
V_34	1	0	0	3	77.5	0.5	0	118	4	nan	nan	36.7	23.8	127
V_35	1	1	2	1	62.5	0.5	0	86	1	nan	nan	42.5	21.3	123
V_36	2	1	0	1	47.5	1	0	94	2	nan	nan	44.2	19.9	144
V_37	1	1	2	3	62.5	1	0	99	2	nan	nan	42	21.3	158
V_39	1	1	2	3	67.5	0.5	0	102	3	nan	nan	42.2	20.5	116
V_40	1	1	2	2	52.5	1	0	99	2	nan	nan	42.2	20	125
V_41	1	1	2	1	27.5	1	0	85	1	nan	nan	41.5	21.3	81
V_42	1	1	2	2	52.5	1	0	102	3	nan	nan	45.4	17.5	144
V_43	1	1	2	3	102.5	0.5	0	114	4	nan	nan	40.1	21.9	129
V_44	1	1	2	3	32.5	1	0	92	2	nan	nan	40	22.3	76
V_45	1	1	2	2	42.5	1	0	85	1	nan	nan	41.8	18.8	101
V_46	1	1	2	3	77.5	0	0.5	106	3	nan	nan	42.6	21.3	115
V_47	1	1	0	4	77.5	0.5	0	104	3	nan	nan	41.4	20.9	113
V_48	1	0	0	3	82.5	0	0	102	3	nan	nan	38.9	22.2	122
V_49	1	1	2	3	72.5	0.5	0	109	3	nan	nan	41.6	20.9	138
V_50	1	1	0	4	95	0.5	0	118	4	nan	nan	42.3	20.6	119
V_51	1	1	0	4	72.5	0	0	123	5	nan	nan	40	20.8	107
V_52	1	1	0	4.5	77.5	1	0	118	4	nan	nan	42.5	20.4	148
V_53	1	1	0	3	57.5	0	0	112	4	nan	nan	42.2	20.4	113
V_54	1	1	2	5	122.5	0	1	143	6	nan	nan	nan	nan	nan
V_55	1	1	2	3	72.5	1	0	114	4	nan	nan	41.2	20.1	117
V_56	1	1	0	5	102.5	1	0	133	5	nan	nan	43.8	17.8	86
V_57	1	1	2	2.5	32.5	1	0	85	1	nan	nan	41.7	21.8	71
V_58	1	1	2	3	52.5	1	0	92	2	nan	nan	42.1	19	83
V_59	1	1	2	3	82.5	0	0	111	4	nan	nan	40.5	21.3	129
V_60	1	0	0	3	72.5	0.5	0	104	3	nan	nan	42.5	21.3	168
V_61	1	0	0	3	62.5	0.5	0	99	2	nan	nan	38.8	23.2	140
V_62	1	1	0	3.5	62.5	1	0	106	3	nan	nan	43.1	19.7	175
V_63	1	1	2	5	52.5	1	0	109	3	nan	nan	41.2	20.5	148
V_64	1	0	2	3.5	82.5	0.5	0.5	107	3	nan	nan	41.4	20.9	144
V_65	1	1	2	4.5	72.5	1	0	111	4	nan	nan	40.3	20.4	128
V_66	1	1	0	4.5	82.5	1	0	109	3	nan	nan	42.6	19.6	129
V_67	1	1	0	5	115	0.5	0	111	4	nan	nan	42.4	18.5	115
V_68	1	1	2	4	87.5	0.5	0	133	5	nan	nan	40.3	18.2	93
V_69	1	0	0	5	105	1	0	143	6	nan	nan	nan	nan	nan
V_70	1	0	0	5	125	0.5	0	143	6	nan	nan	nan	nan	nan
V_71	1	1	0	5	102.5	0.5	0	118	4	nan	nan	41.1	21.4	141
V_72	1	0	0	3.5	97.5	0.5	0	116	4	nan	nan	39.3	22	128
V_73	1	0	0	5	117.5	0	0.5	127	5	nan	nan	40	19.8	94
V_74	1	0	0	5	102.5	0	0	118	4	nan	nan	42.1	20.5	146
V_75	1	1	2	3	87.5	0.5	1	109	3	nan	nan	42.1	20.6	117
V_76	1	1	2	4.5	72.5	1	0	133	5	nan	nan	41.2	21.2	104
V_77	1	0	0	3	57.5	0.5	1	89	2	nan	nan	41.8	18.6	96
V_78	1	1	2	1.5	47.5	1	0	87	1	nan	nan	44.8	18	85
V_79	1	0	2	3.5	37.5	1	0	94	2	nan	nan	43.4	19.8	88
V_80	1	0	2	3.5	32.5	0.5	0	92	2	nan	nan	40.3	22	81
V_81	1	0	2	5	42.5	1	0	100	3	nan	nan	41.6	19.3	93
V_82	1	1	2	3	77.5	0.5	0	111	4	nan	nan	42.4	18.1	112
V_83	1	1	2	2	62.5	0.5	0	108	3	nan	nan	41.8	19.4	143
V_84	1	1	2	2	72.5	0.5	0	104	3	nan	nan	42.7	19.4	128
V_85	1	1	2	3	77.5	0.5	0	107	3	nan	nan	42.1	19.6	131
V_86	1	0	0	3	82.5	0	0	102	3	nan	nan	41.6	21.4	158
V_87	1	1	0	3	67.5	1	0	97	2	nan	nan	42	20.4	138
V_88	2	1	0	3	77.5	0.5	0	104	3	nan	nan	40.6	22.1	154
V_89	1	1	2	3	67.5	1	0	104	3	nan	nan	42.8	20.1	137
V_90	1	1	0	3	52.5	1	0	106	3	nan	nan	41.3	19	157
V_91	1	1	2	3	57.5	1	0	104	3	nan	nan	43.7	19.1	119
V_92	1	1	0	3	57.5	0.5	0	106	3	nan	nan	44	20.1	125
V_93	2	0	0	3	52.5	1	0	106	3	nan	nan	41.2	20.2	159
V_94	2	1	2	3	52.5	1	0	106	3	nan	nan	40.1	18.4	134
V_95	2	1	0	3	52.5	1	0	104	3	nan	nan	41.9	20	154
V_96	2	1	0	3	42.5	1	0	98	2	nan	nan	41.6	20.8	93
V_97	1	1	2	3	57.5	0.5	0	106	3	nan	nan	41.4	20.2	96
V_98	2	1	0	3	52.5	1	0	104	3	nan	nan	42.1	20.5	156
V_99	1	0	2	2	37.5	1	0	86	1	nan	nan	42.2	22.4	92
V_100	1	1	0	3	82.5	0.5	0	110	3	nan	nan	44.6	20.6	121
V_101	1	0	0	3	62.5	1	0	95	2	nan	nan	41.8	20.9	153
V_102	1	1	2	3	52.5	1	0	99	2	nan	nan	43.2	19.8	136
V_103	1	1	2	3	62.5	0	0	97	2	nan	nan	42.4	19.8	132
V_104	1	1	2	3	67.5	0.5	0	104	3	nan	nan	41.3	20.2	186
V_105	1	1	2	3	57.5	0.5	0	102	3	nan	nan	41.5	19.4	133
V_106	1	1	2	2	37.5	1	0	85	1	nan	nan	44.6	17.4	64
V_107	1	0	2	3	62.5	0.5	0	104	3	nan	nan	42.8	20.9	72
V_108	1	0	0	3	57.5	0.5	0	113	4	nan	nan	42.4	21.8	116
V_109	1	1	0	3	47.5	1	0	104	3	nan	nan	43.4	21.3	117
V_110	1	0	2	3	77.5	0.5	0	100	3	nan	nan	42.1	20.4	109
V_111	1	0	2	3	72.5	0.5	0	104	3	nan	nan	42.2	21.8	104
V_112	1	1	2	3	62.5	0	0	102	3	nan	nan	44	19.8	112
V_113	1	0	0	3	82.5	0.5	0	111	4	nan	nan	40	22.6	134
V_114	1	1	2	5	67.5	1	0	143	6	nan	nan	nan	nan	nan
V_115	1	1	2	3	52.5	1	0	104	3	nan	nan	40.8	20.7	46
V_116	1	1	2	5	77.5	1	0	131	5	nan	nan	41.6	18.3	112
V_117	2	1	2	3	72.5	0.5	0	106	3	nan	nan	39.7	21	150
V_118	1	1	2	3	62.5	1	0	113	4	nan	nan	47.4	17.2	122
V_119	1	1	2	3	67.5	1	0	113	4	nan	nan	47.7	17.3	127
V_120	1	1	2	3	62.5	1	0	111	4	nan	nan	45.1	18.3	136
V_121	1	1	2	3	62.5	1	0	107	3	nan	nan	45.1	19.3	131
V_122	1	0	2	3	87.5	0.5	0	112	4	nan	nan	42	21.2	134
V_123	1	1	0	4.5	82.5	1	0	118	4	nan	nan	38.2	22.3	132
V_124	1	1	0	3	72.5	1	0	107	3	nan	nan	42.7	21.5	137
V_125	1	1	0	4	87.5	0	0	118	4	nan	nan	39.9	21.4	132
V_126	1	1	0	4	82.5	0.5	0	118	4	nan	nan	39.6	22.9	116
V_127	1	0	2	3	102.5	0.5	0	118	4	nan	nan	40.3	20.3	119
V_128	1	1	2	3	72.5	0.5	0	102	3	nan	nan	42.4	19.4	178
V_129	1	1	2	3	52.5	1	0	102	3	nan	nan	41.1	20	137
V_130	1	1	2	2	77.5	0	0	107	3	nan	nan	42.2	21	96
V_131	2	1	0	5	52.5	0	1	112	4	nan	nan	47.4	16.5	15
V_132	2	1	0	5	62.5	0	1	116	4	nan	nan	48.9	15.4	17
V_133	1	0	2	4	72.5	0	0.5	128	5	nan	nan	48.4	15.9	24
V_134	1	1	2	5	145	0	1	130	5	nan	nan	47.6	16.7	19
V_135	2	1	2	3	102.5	0	0.5	113	4	nan	nan	41.5	19.5	104
V_136	1	0	2	3	82.5	0	0	104	3	nan	nan	37.5	17.5	127
V_137	1	1	2	3	57.5	0	0	104	3	nan	nan	40.4	14.3	85
V_138	1	0	2	4	72.5	0	0	83	1	nan	nan	39	17.2	47
V_139	1	1	2	3	77.5	0.5	0	114	4	nan	nan	39.6	20.5	116
V_140	1	1	2	4	45	1	0	133	5	nan	nan	46	16.2	51
V_141	1	1	2	5	55	1	0	137	5	nan	nan	45.9	16.8	46
V_142	1	0	0	3	57.5	0	0	92	2	10	16.2	40.4	22.4	179
V_143	1	0	0	3	72.5	0	0	90	2	10	14.7	37.6	23.3	161
V_144	1	0	0	3	57.5	1	0	109	3	5	23.4	44	22.2	258
V_145	1	1	0	4.5	92.5	0.5	0	136	5	0	10.9	39.9	19.5	120
V_146	2	0	0	2	77.5	0	0	92	2	5	17.2	39.9	22.6	190
V_147	2	0	0	3	62.5	0	0	100	3	25	16.2	40.6	22.9	178
V_148	1	0	0	3	72.5	0	0	92	2	0	19.1	40.3	22	210
V_149	1	1	0	3	77.5	0.5	0	94	2	5	16.6	40.5	21.3	183
V_150	1	1	2	3	67.5	0.5	0	96	2	0	16.5	39.7	21.7	181
V_151	2	0	0	3	72.5	0.5	0	98	2	10	10.1	40.4	20.7	111
V_152	1	1	2	3	57.5	1	0	104	3	10	17.2	43.8	19.7	189
V_153	1	1	2	2	62.5	0	0	89	2	0	10.9	38.9	21	120
V_154	1	1	0	3	77.5	0.5	0	104	3	60	15.9	43.2	20.7	175
V_155	1	1	0	3	77.5	0	0.5	100	3	20	24.7	39.3	21.7	272
V_157	1	1	2	3	77.5	0.5	0	104	3	20	19.8	42.2	21.4	218
V_158	1	0	0	3	105	0	0.5	102	3	10	23.5	38.2	22.7	259
V_159	1	1	0	3	62.5	0.5	0	106	3	15	20	40.5	22.2	220
V_160	1	1	0	4	82.5	0.5	0	116	4	0	23.1	40.5	21.7	254
V_161	1	1	0	3	77.5	0.5	0	106	3	5	20	42.4	22.2	220
V_162	1	0	0	3	62.5	0.5	0	108	3	5	25.9	39.8	22.7	285
V_163	1	1	0	3	57.5	1	0	108	3	5	21.9	39	23.7	241
V_164	1	0	0	3.5	105	0	0.5	112	4	10	18.7	38.1	23	206
V_165	1	1	0	3	77.5	1	0	108	3	5	33	39	23.5	362
V_166	1	1	0	3.5	102.5	0.5	0	113	4	5	28.3	37.9	22.5	311
V_167	1	1	1	3.5	102.5	0	0	112	4	10	22.4	37.9	22.7	246
V_168	1	1	1	4	82.5	0.5	0	111	4	50	10.2	43.4	22.1	112
V_169	1	1	1	4.5	87.5	0	0	116	4	5	21.1	42.2	20.9	232
V_170	1	1	2	3.5	82.5	0.5	0	111	4	15	17.2	43.2	20.2	189
V_171	1	1	0	3.5	102.5	0	0	115	4	5	23.7	39.8	20.9	260
V_172	1	1	0	3.5	57.5	1	0	115	4	5	22.2	37.1	22.5	245
V_173	1	1	0	4.5	105	0	0	123	5	0	10	40.2	20.2	110
V_174	1	1	0	4	105	0.5	0	123	5	5	19.2	38.3	21.5	211
V_175	1	1	0	4.5	77.5	0.5	0	123	5	0	16.5	41.3	20.8	181
V_176	1	1	0	4.5	77.5	1	0	118	4	5	17.7	42.1	21.2	195
V_177	2	0	0	3	77.5	0	0	116	4	5	27.5	39.8	21.7	302
V_178	1	1	0	5	87.5	1	0	133	5	0	11.6	42	19.1	128
V_179	1	1	1	3.5	107.5	0	0	123	5	5	18.9	35.4	24.3	208
V_180	1	1	2	5	77.5	1	0	133	5	0	8.1	39.6	18.3	89
V_181	1	1	2	5	62.5	1	0	131	5	0	10	40.6	20.4	110
V_182	2	1	1	5	97.5	0	0	123	5	5	17.4	38.6	21.5	192
V_183	1	0	0	4.5	57.5	1	0	129	5	0	12.3	40.7	20.2	135
V_184	2	1	2	4	82.5	0	0	114	4	10	27.6	39.5	21	304
V_185	1	1	0	4.5	97.5	0	0	123	5	0	12.4	39.3	20.2	136
V_186	1	1	2	3	37.5	1	0	98	2	10	13	44.3	18.7	143
V_187	1	1	2	3.5	67.5	0.5	0	110	3	10	24.3	40.4	22.4	267
V_188	1	1	2	3.5	105	0	0	114	4	5	25.4	36.1	23.2	279
V_189	1	1	2	4	77.5	1	0	107	3	0	21.7	45.1	17.9	239
V_190	1	1	2	4	97.5	0	0	114	4	5	29.4	37.1	23.1	323
V_191	1	1	2	3.5	67.5	1	0	109	3	0	25.2	46.3	18.4	277
V_192	1	1	2	3	42.5	1	0	104	3	20	12.9	41.2	19.9	142
V_193	1	1	2	3.5	82.5	1	0	113	4	10	19	43.2	20.2	209
V_194	1	1	0	3	72.5	1	0	106	3	0	25.1	38.4	21.9	276
V_195	1	1	2	3	77.5	0.5	0	102	3	60	14.5	40.1	21.1	160
V_196	1	0	2	1	32.5	1	0	83	1	40	5.3	45.5	17.2	59
V_197	1	1	2	1	27.5	1	0	83	1	20	4.4	45.1	17	48
V_198	2	1	0	3	72.5	0.5	0.5	92	2	5	17.7	36.2	23.1	195
V_199	1	1	2	1.5	72.5	0.5	0	85	1	5	11.8	42.1	20.5	130
V_200	1	1	2	1.5	62.5	0.5	0	86	1	20	7.8	40.6	19.8	86
V_201	1	0	0	2	77.5	0	0	91	2	0	15.7	38.7	22.4	173
V_202	1	0	0	2	72.5	0	0	100	3	60	21.3	40	22.4	235
V_203	1	1	2	2	62.5	0.5	0	98	2	50	16.2	44.4	19.7	178
V_204	1	1	2	3	72.5	0	0	100	3	60	13.6	41.6	19.9	149
V_205	2	0	0	3	62.5	1	0	94	2	10	20.4	41.9	20.8	224
V_206	1	1	0	3	52.5	0.5	0	106	3	30	16.4	42.8	20.6	180
V_207	1	0	0	3	67.5	0	0	104	3	30	19.3	41.3	22.4	212
V_208	1	1	2	3	62.5	0.5	0	100	3	30	10.4	46.1	20.2	114
V_209	1	1	0	3	72.5	1	0.5	97	2	0	19.8	44.9	20.3	218
V_210	1	1	2	2	77.5	0	0	102	3	30	13.8	43.1	20.4	152
V_211	1	1	2	2	57.5	0.5	0	102	3	20	9.8	42.7	19	108
V_212	1	1	2	3	77.5	0.5	0	107	3	15	19.9	43.9	21.7	219
V_213	1	1	2	3	62.5	0.5	0	110	3	10	21	41.4	21.7	231
V_214	1	1	2	3	57.5	0.5	1	102	3	25	12.7	44.1	20	140
V_215	2	1	0	3	62.5	1	0	102	3	30	11	43	22.4	121
V_216	1	1	2	3	57.5	1	0	106	3	30	14.9	44.4	21.8	164
V_217	1	1	0	3.5	77.5	1	0	107	3	5	15.1	42	22.3	167
V_218	1	1	2	3	82.5	0	0	107	3	40	10.2	38.9	22.9	113
V_219	1	1	2	3	67.5	1	0	110	3	5	14.7	43	20.7	162
V_220	1	1	2	3	62.5	0.5	0	113	4	15	15.8	41	22.2	173
V_221	1	1	2	2	72.5	0.5	0	114	4	40	13.3	38	23	147
V_222	1	1	2	3	72.5	0.5	0	116	4	5	19.2	41.2	21.1	211
V_223	1	1	2	4	77.5	1	0	114	4	5	16.5	41.9	19.4	181
V_224	1	1	2	3	57.5	1	0	111	4	15	12.6	42.2	21.3	138
V_225	1	1	2	3	57.5	1	0	113	4	20	10.8	44.5	20	119
V_226	1	1	2	3	77.5	0.5	0	111	4	5	17.5	40.2	21.1	192
V_227	1	1	0	3	115	0	0.5	113	4	5	20.3	39.5	23	223
V_228	1	0	0	3	87.5	0.5	0	110	3	15	17.2	40.6	23	189
V_229	1	1	2	3	87.5	0	0	114	4	0	19.3	40.2	21.9	212
V_230	1	0	0	5	82.5	0.5	0	118	4	0	15.2	38.6	22	167
V_231	1	1	0	4	82.5	0	0	118	4	5	20.1	39.4	22.5	221
V_232	1	0	2	4	105	0	0	116	4	10	17.4	39.1	22.3	192
V_233	1	1	2	4	77.5	0.5	0	109	3	5	23.9	40.8	22	263
V_234	1	1	2	4	67.5	1	0	118	4	5	15.1	42.3	19.9	166
V_235	1	1	2	3.5	72.5	0.5	0	114	4	10	16.3	40	21.9	179
V_236	1	1	0	4	72.5	0.5	0	115	4	5	19.2	39.3	22.7	211
V_237	1	1	2	4	72.5	0	0	115	4	15	20.2	40.7	21.6	222
V_238	1	0	1	4	77.5	0	0	113	4	25	16.3	43.9	21.1	179
V_239	1	1	2	5	77.5	0.5	0	123	5	0	4.7	38.2	17.1	52
V_240	1	1	2	5	87.5	0.5	0	133	5	0	8.1	41.6	19.6	89
V_241	1	0	0	3.5	87.5	0.5	0	120	4	5	14.4	40.5	20.7	159
V_242	1	1	0	5	67.5	0.5	0	118	4	0	19.3	40.1	21.9	213
V_243	1	1	0	4	77.5	0.5	0	118	4	0	13.7	39.4	21.3	150
V_244	1	1	2	3.5	92.5	0	1	131	5	0	12.6	39.2	21.8	139
V_245	1	1	0	5	77.5	0	0	121	5	0	12	39.6	22	132
V_246	2	0	0	4	72.5	1	0	125	5	0	12.4	40	21.2	136
V_247	1	1	2	4.5	77.5	0.5	0	133	5	0	6.6	44.9	19.8	73
V_248	1	1	2	5	72.5	1	0	133	5	0	11.3	38.8	19.2	125
V_249	1	1	0	5	77.5	0	0	123	5	0	14.6	40.4	21.7	161
V_250	1	1	2	3.5	102.5	0	0	143	6	0	nan	nan	nan	nan
V_251	1	1	0	2	72.5	0.5	0.5	98	2	40	16.6	43.2	22.2	182
V_252	1	1	0	3	77.5	0	0	112	4	15	21.7	41.8	22.7	239
V_253	1	1	0	3	72.5	0.5	0	113	4	5	23.5	41.8	22.4	259
V_254	1	1	0	3	72.5	0.5	0	112	4	10	21.6	41.7	22.7	238
V_255	1	1	0	3	72.5	0.5	0	100	3	40	15.4	39.6	23.8	169
V_256	1	1	0	3	82.5	0.5	0	102	3	15	15.8	43.2	22.2	174
V_257	1	1	0	3	72.5	0.5	0.5	100	3	30	16.9	41.4	23.3	186
V_258	1	1	0	4	77.5	0.5	0	110	3	20	13.3	43.8	21.2	146
V_259	1	1	0	3	72.5	0.5	0	110	3	25	15.5	41.7	22.4	171
V_260	1	1	0	3	87.5	0.5	0	110	3	20	15.8	42.7	22.6	174
V_261	1	1	0	3	77.5	0.5	0	110	3	25	15.5	42.6	23.3	171
V_262	1	1	0	3	72.5	0.5	0	110	3	25	15.8	41.7	23.9	173
V_263	1	1	0	3	72.5	0.5	0	102	3	15	19.4	42.4	22.4	213
V_264	1	1	0	3	77.5	0	0	98	2	40	13.1	42.7	23.8	144
V_265	1	1	0	3	77.5	0.5	0	102	3	10	18.8	41.3	23.9	206
V_266	1	1	0	3	77.5	0.5	0	102	3	20	16.3	41.1	23.2	180
V_267	1	1	0	3	72.5	0.5	0	110	3	15	17	40.7	23.6	187
V_268	1	1	0	3	77.5	0.5	0	110	3	15	16.9	40.3	24.6	186
V_269	1	1	0	3	77.5	0.5	0	109	3	10	20.7	43.1	20.9	228
V_270	1	1	0	4	87.5	0.5	0	111	4	15	16.2	40.3	22.9	178
V_271	1	0	0	3	72.5	0.5	0	96	2	30	13.9	40.8	23.1	153
V_272	2	1	0	3	67.5	0	0	97	2	0	17.3	39.6	23.5	190
V_273	1	1	0	3	82.5	0	0	100	3	5	18.6	39.5	23.6	204
V_274	2	1	0	4	105	0	0	113	4	5	23.8	39.1	22	262
V_275	1	0	0	3	87.5	0	0	110	3	5	24.1	40.9	22	265
V_276	1	1	0	3	87.5	0	0	110	3	15	17.4	39.7	21.6	192
V_277	1	0	0	3	87.5	0	0	113	4	0	23.2	39.3	23.5	255
V_278	1	1	0	3	77.5	0.5	0	113	4	10	20.4	38.2	22.7	225
V_279	1	1	0	3	87.5	0.5	0	110	3	5	17.4	43.9	21.4	191
V_280	1	0	0	3	92.5	0	0.5	111	4	5	21.1	40.7	22	232
V_281	2	0	0	3	77.5	0	0	109	3	20	20.8	39.6	23.7	228
V_282	1	1	0	3	87.5	0.5	0	111	4	5	26	41.6	21.9	286
V_283	1	1	0	3	77.5	0.5	0	111	4	10	18.8	39.9	22.7	206
V_284	1	0	0	3	97.5	0	0.5	110	3	5	16.8	38.7	23.2	185
V_285	1	0	0	3	97.5	0.5	0	113	4	0	16.8	39.9	23	185
V_286	1	0	0	4.5	105	0	0	113	4	0	21.9	37.9	23.7	241
V_287	1	1	0	3	82.5	0	0	110	3	5	17.4	39.7	22.9	192
V_288	1	1	0	3	87.5	0	0	111	4	5	20.2	41.8	22.6	223
V_289	1	1	0	3	67.5	0.5	0	111	4	5	23.9	40.2	22.2	263
V_290	1	1	0	3	82.5	0.5	0	110	3	0	19	41.4	23.6	209
V_291	1	1	0	3	72.5	0.5	0	110	3	0	15.7	42.4	23.6	173
V_292	1	1	0	4	72.5	0.5	0	98	2	5	17.9	40.2	23.3	197
V_293	1	1	0	3	72.5	0.5	0	98	2	0	16.9	40.2	23.5	186
V_294	1	1	0	3	72.5	0.5	0	98	2	0	17.3	40.7	23.3	190
V_295	1	1	0	2.5	77.5	0.5	0	98	2	5	17.4	41.8	21.9	192
V_296	1	1	0	3	57.5	0.5	0	98	2	0	18.9	42.6	23	208
V_297	1	1	0	3	62.5	0.5	0	98	2	0	18.9	42.4	23.1	208
V_298	1	1	0	3	82.5	0.5	0	98	2	0	19.6	41.4	23.2	216
V_299	1	1	0	3	72.5	0.5	0	98	2	0	19.6	42.4	22.3	216
V_300	1	1	0	3	72.5	0.5	0	98	2	0	22.2	41.8	22.8	244
V_301	1	1	0	3	72.5	0.5	0	98	2	0	20.1	42.2	22.6	221
V_302	1	1	0	3	72.5	0.5	0	98	2	0	20.7	42.5	22.4	228
V_303	1	1	0	3	72.5	0.5	0	98	2	0	18.5	43.6	23.3	203
V_304	1	1	0	3	77.5	0.5	0	98	2	5	16.7	42.3	23.2	184
V_305	1	1	0	3	72.5	0.5	0	98	2	0	16.5	42.6	22.9	182
V_306	1	1	0	3	72.5	0.5	0	98	2	5	15.8	43.1	22.7	174
V_307	1	1	0	3	77.5	0.5	0	98	2	5	15.7	42.9	22.2	172
V_308	1	1	0	3	82.5	0.5	0	98	2	5	17.9	39.8	23.6	197
V_309	1	1	0	3	77.5	0.5	0	109	3	5	22.1	41.3	22.5	243
V_310	1	1	0	3	82.5	0.5	0	107	3	5	19.8	43.4	22.1	218
V_311	1	1	1	3.5	57.5	1	0	109	3	5	20.6	42.8	22.8	227
V_312	1	1	0	4	77.5	1	0	109	3	5	21.1	41.4	22.5	232
V_313	1	1	0	4	77.5	1	0	110	3	5	22.9	41.5	23.7	252
V_314	1	1	0	4	77.5	0.5	0	110	3	5	20.8	40.7	23.3	229
V_315	1	1	0	4	67.5	1	0	109	3	5	20.1	42.1	22	221
V_316	1	1	0	4	77.5	0.5	0	111	4	5	19	39.9	22.7	210
V_317	1	1	1	4	72.5	1	0	114	4	10	16.7	42.3	22.8	184
V_318	1	1	0	4	67.5	1	0	112	4	5	20.1	40.5	24.2	221
V_319	1	1	0	4	87.5	1	0	111	4	0	21.8	38.9	23	239
V_320	1	1	0	4	82.5	1	0	118	4	5	18.7	42.2	21.3	205
V_321	1	1	0	3.5	62.5	1	0	119	4	0	19	38.5	24.6	209
V_322	1	1	1	3.5	82.5	0.5	0	112	4	5	17.3	39.6	23.6	191
V_323	1	1	0	3.5	72.5	1	0	115	4	5	19.5	41.8	22.6	215
V_324	1	1	0	3.5	95	0.5	0	115	4	0	19.8	39.6	24	218
V_325	1	1	0	4.5	87.5	1	0	118	4	0	18.6	38.7	22.9	204
V_326	1	1	0	5	77.5	1	0	118	4	0	20.8	41.3	21.2	229
V_327	1	1	0	4.5	105	1	0	131	5	0	11.6	40.5	20.2	127
V_328	1	1	0	4.5	102.5	0.5	0	114	4	5	16.5	40.5	23.1	181
V_329	1	1	0	4.5	87.5	1	0	129	5	0	16.5	41.6	21.2	182
V_330	1	1	0	4	77.5	1	0	116	4	10	17.5	42.1	21.7	192