	LeafShape	FlowCol	FluffCol	FlowGroup	Height	GrowthType	Polegaemost	GermBMatur	MaturType	PodShat	Yield	Protein	Oil	Productivity	ilr1	ilr2
V_1	1	0	0	5	92.5	0	1	123	5	NA	NA	39.8	16.5	96	0.622612139220571	-0.435792358041587
V_2	1	1	0	5	155	0	1	143	6	NA	NA	NA	NA	NA	NA	NA
V_3	1	1	0	5	112.5	0	0	137	5	NA	NA	42.1	18.3	84	0.589123667745707	-0.290145912257477
V_4	1	1	0	4	77.5	0.5	0	108	3	NA	NA	43.5	17.9	109	0.627882696696744	-0.264929830350249
V_5	1	0	0	5	82.5	0.5	0	132	5	NA	NA	40.8	19.4	113	0.525669555942717	-0.283233958886921
V_6	1	1	2	2	77.5	0	0	100	3	NA	NA	42.4	20	116	0.531331411801073	-0.208666913795294
V_7	1	1	2	4	102.5	0	1	128	5	NA	NA	41.1	15.6	46	0.685000648431858	-0.438061125759198
V_8	1	1	3	5	102.5	0	1	131	5	NA	NA	43.1	17.9	53	0.621350485982095	-0.277118769042735
V_9	1	1	2	5	155	0	1	143	6	NA	NA	NA	NA	NA	NA	NA
V_10	1	1	0	5	122.5	0.5	0	133	5	NA	NA	44.7	18.1	51	0.6392680620533	-0.21911995518587
V_11	1	1	0	5	105	0	1	143	6	NA	NA	NA	NA	NA	NA	NA
V_12	1	0	2	3	42.5	1	0	92	2	NA	NA	40.7	15.1	36	0.701119954587231	-0.472150065255549
V_13	1	1	2	5	97.5	0.5	0.5	133	5	NA	NA	43.1	18.4	49	0.601869728265417	-0.255335962400148
V_14	1	1	0	4.5	92.5	0	0	118	4	NA	NA	42.6	20.2	113	0.527623032843827	-0.193950869267947
V_15	1	1	0	4.5	82.5	0	0.5	113	4	NA	NA	42.4	19.5	124	0.549233805511543	-0.229788974669538
V_16	1	0	0	5	115	0.5	0	143	6	NA	NA	NA	NA	NA	NA	NA
V_17	1	1	0	5	85	1	0.5	143	6	NA	NA	NA	NA	NA	NA	NA
V_19	1	1	2	5	107.5	0.5	0	131	5	NA	NA	42.7	16.7	46	0.663824917105553	-0.342082875026048
V_20	1	1	0	4	57.5	1	0	95	2	NA	NA	39.8	18.3	129	0.549397823012843	-0.359178349005356
V_21	1	1	2	3	52.5	0.5	0	102	3	NA	NA	41.1	21.3	143	0.464782028878183	-0.195670509740344
V_22	1	1	2	4	62.5	1	0	121	5	NA	NA	39.7	21.9	118	0.420632757808154	-0.215668220790963
V_23	1	0	0	4.5	87.5	0.5	0	118	4	NA	NA	40.8	20.4	124	0.490129071734273	-0.241937535253695
V_24	1	1	0	5	82.5	0.5	0	136	5	NA	NA	41	20.8	89	0.47985615330848	-0.219288927171892
V_25	1	1	1	3	47.5	1	0	108	3	NA	NA	44.3	19.1	140	0.59488634841458	-0.18755884570023
V_26	1	0	2	1	32.5	1	0	85	1	NA	NA	45.5	17.2	82	0.687875557143649	-0.234891754586194
V_27	1	0	0	5	92.5	1	0	143	6	NA	NA	NA	NA	NA	NA	NA
V_28	1	1	0	5	145	0.5	0	143	6	NA	NA	NA	NA	NA	NA	NA
V_29	1	1	0	3	47.5	1	0	96	2	NA	NA	42.9	17.4	86	0.638094304653131	-0.305108582484882
V_30	1	1	0	5	77.5	1	0	143	6	NA	NA	NA	NA	NA	NA	NA
V_31	2	0	0	4.5	145	1	0	143	6	NA	NA	NA	NA	NA	NA	NA
V_32	1	0	2	5	105	1	0	143	6	NA	NA	NA	NA	NA	NA	NA
V_33	1	1	0	5	72.5	1	0	135	5	NA	NA	39.6	17.5	94	0.577443364325143	-0.398741678978524
V_34	1	0	0	3	77.5	0.5	0	118	4	NA	NA	36.7	23.8	127	0.306241706278332	-0.236840758278509
V_35	1	1	2	1	62.5	0.5	0	86	1	NA	NA	42.5	21.3	123	0.488467245396666	-0.15101393672194
V_36	2	1	0	1	47.5	1	0	94	2	NA	NA	44.2	19.9	144	0.564274787475611	-0.155963123054475
V_37	1	1	2	3	62.5	1	0	99	2	NA	NA	42	21.3	158	0.480099020142805	-0.167045736904121
V_39	1	1	2	3	67.5	0.5	0	102	3	NA	NA	42.2	20.5	116	0.510527797291148	-0.193975723929074
V_40	1	1	2	2	52.5	1	0	99	2	NA	NA	42.2	20	125	0.527988111099012	-0.214928726362798
V_41	1	1	2	1	27.5	1	0	85	1	NA	NA	41.5	21.3	81	0.471630574240886	-0.182983833235771
V_42	1	1	2	2	52.5	1	0	102	3	NA	NA	45.4	17.5	144	0.674092831154969	-0.224340989738388
V_43	1	1	2	3	102.5	0.5	0	114	4	NA	NA	40.1	21.9	129	0.427721606965107	-0.203025691282436
V_44	1	1	2	3	32.5	1	0	92	2	NA	NA	40	22.3	76	0.413157383858914	-0.190184122101529
V_45	1	1	2	2	42.5	1	0	85	1	NA	NA	41.8	18.8	101	0.5650062274569	-0.277926627472888
V_46	1	1	2	3	77.5	0	0.5	106	3	NA	NA	42.6	21.3	115	0.490129071734273	-0.147795844319651
V_47	1	1	0	4	77.5	0.5	0	104	3	NA	NA	41.4	20.9	113	0.483329915683679	-0.202609604946538
V_48	1	0	0	3	82.5	0	0	102	3	NA	NA	38.9	22.2	122	0.396617580731551	-0.2289872670007
V_49	1	1	2	3	72.5	0.5	0	109	3	NA	NA	41.6	20.9	138	0.486737665803019	-0.196299062337943
V_50	1	1	0	4	95	0.5	0	118	4	NA	NA	42.3	20.6	119	0.508760507889176	-0.18663306459066
V_51	1	1	0	4	72.5	0	0	123	5	NA	NA	40	20.8	107	0.462395839500616	-0.250468920957605
V_52	1	1	0	4.5	77.5	1	0	118	4	NA	NA	42.5	20.4	148	0.518994580881106	-0.188690303279686
V_53	1	1	0	3	57.5	0	0	112	4	NA	NA	42.2	20.4	113	0.513985539052573	-0.198158121861464
V_54	1	1	2	5	122.5	0	1	143	6	NA	NA	NA	NA	NA	NA	NA
V_55	1	1	2	3	72.5	1	0	114	4	NA	NA	41.2	20.1	117	0.507503576819116	-0.241895737835473
V_56	1	1	0	5	102.5	1	0	133	5	NA	NA	43.8	17.8	86	0.636703949135802	-0.260169550162241
V_57	1	1	2	2.5	32.5	1	0	85	1	NA	NA	41.7	21.8	71	0.45862320675341	-0.15603797635944
V_58	1	1	2	3	52.5	1	0	92	2	NA	NA	42.1	19	83	0.562580350443563	-0.260259012421777
V_59	1	1	2	3	82.5	0	0	111	4	NA	NA	40.5	21.3	129	0.454383212333799	-0.214600606491993
V_60	1	0	0	3	72.5	0.5	0	104	3	NA	NA	42.5	21.3	168	0.488467245396666	-0.15101393672194
V_61	1	0	0	3	62.5	0.5	0	99	2	NA	NA	38.8	23.2	140	0.363642367489394	-0.192938058035833
V_62	1	1	0	3.5	62.5	1	0	106	3	NA	NA	43.1	19.7	175	0.553596982942251	-0.199419446904699
V_63	1	1	2	5	52.5	1	0	109	3	NA	NA	41.2	20.5	148	0.493569987435158	-0.225368018584196
V_64	1	0	2	3.5	82.5	0.5	0.5	107	3	NA	NA	41.4	20.9	144	0.483329915683679	-0.202609604946538
V_65	1	1	2	4.5	72.5	1	0	111	4	NA	NA	40.3	20.4	128	0.481410012049407	-0.25742613121995
V_66	1	1	0	4.5	82.5	1	0	109	3	NA	NA	42.6	19.6	129	0.548944450607697	-0.219325019556468
V_67	1	1	0	5	115	0.5	0	111	4	NA	NA	42.4	18.5	115	0.586458546446063	-0.27243463322374
V_68	1	1	2	4	87.5	0.5	0	133	5	NA	NA	40.3	18.2	93	0.562100305088271	-0.348486371070906
V_69	1	0	0	5	105	1	0	143	6	NA	NA	NA	NA	NA	NA	NA
V_70	1	0	0	5	125	0.5	0	143	6	NA	NA	NA	NA	NA	NA	NA
V_71	1	1	0	5	102.5	0.5	0	118	4	NA	NA	41.1	21.4	141	0.46147004726731	-0.191583909998138
V_72	1	0	0	3.5	97.5	0.5	0	116	4	NA	NA	39.3	22	128	0.410250672849817	-0.224296602774781
V_73	1	0	0	5	117.5	0	0.5	127	5	NA	NA	40	19.8	94	0.497235732369486	-0.291151494525223
V_74	1	0	0	5	102.5	0	0	118	4	NA	NA	42.1	20.5	146	0.508850200344864	-0.197130354773245
V_75	1	1	2	3	87.5	0.5	1	109	3	NA	NA	42.1	20.6	117	0.50540928464398	-0.192957671371439
V_76	1	1	2	4.5	72.5	1	0	133	5	NA	NA	41.2	21.2	104	0.469827961176223	-0.196599583312024
V_77	1	0	0	3	57.5	0.5	1	89	2	NA	NA	41.8	18.6	96	0.572568938918104	-0.286427129706543
V_78	1	1	2	1.5	47.5	1	0	87	1	NA	NA	44.8	18	85	0.644765688708772	-0.220469437290842
V_79	1	0	2	3.5	37.5	1	0	94	2	NA	NA	43.4	19.8	88	0.554921494380939	-0.185693495097515
V_80	1	0	2	3.5	32.5	0.5	0	92	2	NA	NA	40.3	22	81	0.428018109640098	-0.192663091563209
V_81	1	0	2	5	42.5	1	0	100	3	NA	NA	41.6	19.3	93	0.543054522873941	-0.26292809459688
V_82	1	1	2	3	77.5	0.5	0	111	4	NA	NA	42.4	18.1	112	0.601915047779439	-0.289668917942991
V_83	1	1	2	2	62.5	0.5	0	108	3	NA	NA	41.8	19.4	143	0.542791622061191	-0.252571413895986
V_84	1	1	2	2	72.5	0.5	0	104	3	NA	NA	42.7	19.4	128	0.55785482133367	-0.224712203631229
V_85	1	1	2	3	77.5	0.5	0	107	3	NA	NA	42.1	19.6	131	0.540595985495273	-0.234874421149727
V_86	1	0	0	3	82.5	0	0	102	3	NA	NA	41.6	21.4	158	0.47002041482618	-0.175687502779438
V_87	1	1	0	3	67.5	1	0	97	2	NA	NA	42	20.4	138	0.510626355627245	-0.204452206070123
V_88	2	1	0	3	77.5	0.5	0	104	3	NA	NA	40.6	22.1	154	0.430055597164135	-0.179074429464542
V_89	1	1	2	3	67.5	1	0	104	3	NA	NA	42.8	20.1	137	0.534444236452119	-0.191866907366592
V_90	1	1	0	3	52.5	1	0	106	3	NA	NA	41.3	19	157	0.549014336630801	-0.284712723663197
V_91	1	1	2	3	57.5	1	0	104	3	NA	NA	43.7	19.1	119	0.585243833795598	-0.206402613807076
V_92	1	1	0	3	57.5	0.5	0	106	3	NA	NA	44	20.1	125	0.553996821766115	-0.153732075471894
V_93	2	0	0	3	52.5	1	0	106	3	NA	NA	41.2	20.2	159	0.503994354821697	-0.237757146726081
V_94	2	1	2	3	52.5	1	0	106	3	NA	NA	40.1	18.4	134	0.550854333761553	-0.346055686921434
V_95	2	1	0	3	52.5	1	0	104	3	NA	NA	41.9	20	154	0.522943332641434	-0.22429588260246
V_96	2	1	0	3	42.5	1	0	98	2	NA	NA	41.6	20.8	93	0.490129071734273	-0.200431517732901
V_97	1	1	2	3	57.5	0.5	0	106	3	NA	NA	41.4	20.2	96	0.507418607427266	-0.231538603343781
V_98	2	1	0	3	52.5	1	0	104	3	NA	NA	42.1	20.5	156	0.508850200344864	-0.197130354773245
V_99	1	0	2	2	37.5	1	0	86	1	NA	NA	42.2	22.4	92	0.447852629215474	-0.11510252745788
V_100	1	1	0	3	82.5	0.5	0	110	3	NA	NA	44.6	20.6	121	0.546199530100885	-0.11276219447462
V_101	1	0	0	3	62.5	1	0	95	2	NA	NA	41.8	20.9	153	0.490129071734273	-0.18997473092879
V_102	1	1	2	3	52.5	1	0	99	2	NA	NA	43.2	19.8	136	0.55165540644402	-0.192004638404205
V_103	1	1	2	3	62.5	0	0	97	2	NA	NA	42.4	19.8	132	0.538438072436286	-0.217101503233261
V_104	1	1	2	3	67.5	0.5	0	104	3	NA	NA	41.3	20.2	186	0.505708553918641	-0.234649432563151
V_105	1	1	2	3	57.5	0.5	0	102	3	NA	NA	41.5	19.4	133	0.537698393933771	-0.261800827117597
V_106	1	1	2	2	37.5	1	0	85	1	NA	NA	44.6	17.4	64	0.665573911783214	-0.253509228212039
V_107	1	0	2	3	62.5	0.5	0	104	3	NA	NA	42.8	20.9	72	0.506846322711112	-0.158134249030566
V_108	1	0	0	3	57.5	0.5	0	113	4	NA	NA	42.4	21.8	116	0.47039457840199	-0.133430832173639
V_109	1	1	0	3	47.5	1	0	104	3	NA	NA	43.4	21.3	117	0.503284926214847	-0.121902700322185
V_110	1	0	2	3	77.5	0.5	0	100	3	NA	NA	42.1	20.4	109	0.512307942106289	-0.201306915396163
V_111	1	0	2	3	72.5	0.5	0	104	3	NA	NA	42.2	21.8	104	0.467051277699929	-0.13990982696903
V_112	1	1	2	3	62.5	0	0	102	3	NA	NA	44	19.8	112	0.564630206825233	-0.166666003500321
V_113	1	0	0	3	82.5	0.5	0	111	4	NA	NA	40	22.6	134	0.40370815485439	-0.178205297546099
V_114	1	1	2	5	67.5	1	0	143	6	NA	NA	NA	NA	NA	NA	NA
V_115	1	1	2	3	52.5	1	0	104	3	NA	NA	40.8	20.7	46	0.479806161666394	-0.229639949529615
V_116	1	1	2	5	77.5	1	0	131	5	NA	NA	41.6	18.3	112	0.58067545756091	-0.305268247688532
V_117	2	1	2	3	72.5	0.5	0	106	3	NA	NA	39.7	21	150	0.450305927558142	-0.25171585802735
V_118	1	1	2	3	62.5	1	0	113	4	NA	NA	47.4	17.2	122	0.716803226791702	-0.175502685416663
V_119	1	1	2	3	67.5	1	0	113	4	NA	NA	47.7	17.3	127	0.71716530188599	-0.161281844410551
V_120	1	1	2	3	62.5	1	0	111	4	NA	NA	45.1	18.3	136	0.637797013590864	-0.197720025521863
V_121	1	1	2	3	62.5	1	0	107	3	NA	NA	45.1	19.3	131	0.600176078903895	-0.153380488488844
V_122	1	0	2	3	87.5	0.5	0	112	4	NA	NA	42	21.2	134	0.483426587606885	-0.171188669650026
V_123	1	1	0	4.5	82.5	1	0	118	4	NA	NA	38.2	22.3	132	0.380599402712033	-0.247063353303912
V_124	1	1	0	3	72.5	1	0	107	3	NA	NA	42.7	21.5	137	0.485178478948813	-0.136209564636109
V_125	1	1	0	4	87.5	0	0	118	4	NA	NA	39.9	21.4	132	0.440517202241097	-0.229399594672067
V_126	1	1	0	4	82.5	0.5	0	118	4	NA	NA	39.6	22.9	116	0.387276874067871	-0.179104990508603
V_127	1	0	2	3	102.5	0.5	0	118	4	NA	NA	40.3	20.3	119	0.484884745239055	-0.261507230023987
V_128	1	1	2	3	72.5	0.5	0	102	3	NA	NA	42.4	19.4	178	0.552869323963078	-0.234028170400306
V_129	1	1	2	3	52.5	1	0	102	3	NA	NA	41.1	20	137	0.509311936409062	-0.249132746111947
V_130	1	1	2	2	77.5	0	0	107	3	NA	NA	42.2	21	96	0.493488255159601	-0.173118925210342
V_131	2	1	0	5	52.5	0	1	112	4	NA	NA	47.4	16.5	15	0.746182808502934	-0.208452851282383
V_132	2	1	0	5	62.5	0	1	116	4	NA	NA	48.9	15.4	17	0.816998166190988	-0.214802480076092
V_133	1	0	2	4	72.5	0	0.5	128	5	NA	NA	48.4	15.9	24	0.787137624835422	-0.205954099668614
V_134	1	1	2	5	145	0	1	130	5	NA	NA	47.6	16.7	19	0.740640642744971	-0.192717645910505
V_135	2	1	2	3	102.5	0	0.5	113	4	NA	NA	41.5	19.5	104	0.534062875482236	-0.257610958083034
V_136	1	0	2	3	82.5	0	0	104	3	NA	NA	37.5	17.5	127	0.538914399016229	-0.460007301093869
V_137	1	1	2	3	57.5	0	0	104	3	NA	NA	40.4	14.3	85	0.734380064888141	-0.517464809346298
V_138	1	0	2	4	72.5	0	0	83	1	NA	NA	39	17.2	47	0.578874566113278	-0.42898591754126
V_139	1	1	2	3	77.5	0.5	0	114	4	NA	NA	39.6	20.5	116	0.465562097291196	-0.274954669792407
V_140	1	1	2	4	45	1	0	133	5	NA	NA	46	16.2	51	0.737957959121473	-0.265755579684121
V_141	1	1	2	5	55	1	0	137	5	NA	NA	45.9	16.8	46	0.710703289374993	-0.240924727920391
V_142	1	0	0	3	57.5	0	0	92	2	10	16.2	40.4	22.4	179	0.41702953627206	-0.173393981330788
V_143	1	0	0	3	72.5	0	0	90	2	10	14.7	37.6	23.3	161	0.338386437916187	-0.227307554422538
V_144	1	0	0	3	57.5	1	0	109	3	5	23.4	44	22.2	258	0.483729871669516	-0.06394788246938
V_145	1	1	0	4.5	92.5	0.5	0	136	5	0	10.9	39.9	19.5	120	0.506261485093319	-0.306490503159583
V_146	2	0	0	2	77.5	0	0	92	2	5	17.2	39.9	22.6	190	0.401938174502965	-0.181407428664626
V_147	2	0	0	3	62.5	0	0	100	3	25	16.2	40.6	22.9	178	0.404911373559874	-0.146854888888118
V_148	1	0	0	3	72.5	0	0	92	2	0	19.1	40.3	22	210	0.428018109640098	-0.192663091563209
V_149	1	1	0	3	77.5	0.5	0	94	2	5	16.6	40.5	21.3	183	0.454383212333799	-0.214600606491993
V_150	1	1	2	3	67.5	0.5	0	96	2	0	16.5	39.7	21.7	181	0.4271200214861	-0.22365519444043
V_151	2	0	0	3	72.5	0.5	0	98	2	10	10.1	40.4	20.7	111	0.472839536041281	-0.24210144898854
V_152	1	1	2	3	57.5	1	0	104	3	10	17.2	43.8	19.7	189	0.564989053207554	-0.177331654206889
V_153	1	1	2	2	62.5	0	0	89	2	0	10.9	38.9	21	120	0.435911399312645	-0.276480431188795
V_154	1	1	0	3	77.5	0.5	0	104	3	60	15.9	43.2	20.7	175	0.520223263694489	-0.153751015396523
V_155	1	1	0	3	77.5	0	0.5	100	3	20	24.7	39.3	21.7	272	0.419959385294112	-0.236206954751424
V_157	1	1	2	3	77.5	0.5	0	104	3	20	19.8	42.2	21.4	218	0.480146221957261	-0.156492350027182
V_158	1	0	0	3	105	0	0.5	102	3	10	23.5	38.2	22.7	259	0.36802828439278	-0.23149494524458
V_159	1	1	0	3	62.5	0.5	0	106	3	15	20	40.5	22.2	220	0.425119445344174	-0.178238096973104
V_160	1	1	0	4	82.5	0.5	0	116	4	0	23.1	40.5	21.7	254	0.441227357853226	-0.198410290152905
V_161	1	1	0	3	77.5	0.5	0	106	3	5	20	42.4	22.2	220	0.457537737280568	-0.11683371608576
V_162	1	0	0	3	62.5	0.5	0	108	3	5	25.9	39.8	22.7	285	0.397041863225251	-0.180629468026372
V_163	1	1	0	3	57.5	1	0	108	3	5	21.9	39	23.7	241	0.352200411055849	-0.166953121658777
V_164	1	0	0	3.5	105	0	0.5	112	4	10	18.7	38.1	23	206	0.356890981413422	-0.223017877415684
V_165	1	1	0	3	77.5	1	0	108	3	5	33	39	23.5	362	0.358192877269192	-0.174779175921973
V_166	1	1	0	3.5	102.5	0.5	0	113	4	5	28.3	37.9	22.5	311	0.36871079216849	-0.248701517129006
V_167	1	1	1	3.5	102.5	0	0	112	4	10	22.4	37.9	22.7	246	0.362453169195243	-0.240954508085189
V_168	1	1	1	4	82.5	0.5	0	111	4	50	10.2	43.4	22.1	112	0.477213520318797	-0.0881332935075982
V_169	1	1	1	4.5	87.5	0	0	116	4	5	21.1	42.2	20.9	232	0.496863472934099	-0.177283339666824
V_170	1	1	2	3.5	82.5	0.5	0	111	4	15	17.2	43.2	20.2	189	0.537512799387482	-0.174964350195832
V_171	1	1	0	3.5	102.5	0	0	115	4	5	23.7	39.8	20.9	260	0.455460031254951	-0.252637500651927
V_172	1	1	0	3.5	57.5	1	0	115	4	5	22.2	37.1	22.5	245	0.353625275353624	-0.273741620305204
V_173	1	1	0	4.5	105	0	0	123	5	0	10	40.2	20.2	110	0.486619849736853	-0.26867172578603
V_174	1	1	0	4	105	0.5	0	123	5	5	19.2	38.3	21.5	211	0.408281306597069	-0.275253718418781
V_175	1	1	0	4.5	77.5	0.5	0	123	5	0	16.5	41.3	20.8	181	0.485011268106308	-0.209875031735541
V_176	1	1	0	4.5	77.5	1	0	118	4	5	17.7	42.1	21.2	195	0.485108174085929	-0.167996044468912
V_177	2	0	0	3	77.5	0	0	116	4	5	27.5	39.8	21.7	302	0.428898907408411	-0.220510133321462
V_178	1	1	0	5	87.5	1	0	133	5	0	11.6	42	19.1	128	0.557186908820565	-0.259086836261564
V_179	1	1	1	3.5	107.5	0	0	123	5	5	18.9	35.4	24.3	208	0.266038652013696	-0.259447817363363
V_180	1	1	2	5	77.5	1	0	133	5	0	8.1	39.6	18.3	89	0.545835564692039	-0.365123106109706
V_181	1	1	2	5	62.5	1	0	131	5	0	10	40.6	20.4	110	0.486654338544625	-0.248141608509376
V_182	2	1	1	5	97.5	0	0	123	5	5	17.4	38.6	21.5	192	0.413798422605412	-0.265952302150504
V_183	1	0	0	4.5	57.5	1	0	129	5	0	12.3	40.7	20.2	135	0.495360465123706	-0.253250391823274
V_184	2	1	2	4	82.5	0	0	114	4	10	27.6	39.5	21	304	0.446734673597323	-0.257922384057754
V_185	1	1	0	4.5	97.5	0	0	123	5	0	12.4	39.3	20.2	136	0.470609200884239	-0.296264488177874
V_186	1	1	2	3	37.5	1	0	98	2	10	13	44.3	18.7	143	0.609852129931006	-0.205074393904609
V_187	1	1	2	3.5	67.5	0.5	0	110	3	10	24.3	40.4	22.4	267	0.41702953627206	-0.173393981330788
V_188	1	1	2	3.5	105	0	0	114	4	5	25.4	36.1	23.2	279	0.31264060706973	-0.278429841519189
V_189	1	1	2	4	77.5	1	0	107	3	0	21.7	45.1	17.9	239	0.653424318821611	-0.215617504620781
V_190	1	1	2	4	97.5	0	0	114	4	5	29.4	37.1	23.1	323	0.335016128179832	-0.250780489793633
V_191	1	1	2	3.5	67.5	1	0	109	3	0	25.2	46.3	18.4	277	0.652511983358988	-0.155245925520511
V_192	1	1	2	3	42.5	1	0	104	3	20	12.9	41.2	19.9	142	0.514574703557431	-0.250187009342835
V_193	1	1	2	3.5	82.5	1	0	113	4	10	19	43.2	20.2	209	0.537512799387482	-0.174964350195832
V_194	1	1	0	3	72.5	1	0	106	3	0	25.1	38.4	21.9	276	0.397090536898042	-0.256444543530287
V_195	1	1	2	3	77.5	0.5	0	102	3	60	14.5	40.1	21.1	160	0.454035593289766	-0.235229039093352
V_196	1	0	2	1	32.5	1	0	83	1	40	5.3	45.5	17.2	59	0.687875557143649	-0.234891754586194
V_197	1	1	2	1	27.5	1	0	83	1	20	4.4	45.1	17	48	0.68990209711694	-0.256300984913936
V_198	2	1	0	3	72.5	0.5	0.5	92	2	5	17.7	36.2	23.1	195	0.31765110536075	-0.279064017537358
V_199	1	1	2	1.5	72.5	0.5	0	85	1	5	11.8	42.1	20.5	130	0.508850200344864	-0.197130354773245
V_200	1	1	2	1.5	62.5	0.5	0	86	1	20	7.8	40.6	19.8	86	0.507763571226276	-0.272794868474712
V_201	1	0	0	2	77.5	0	0	91	2	0	15.7	38.7	22.4	173	0.386630884982626	-0.227430200103263
V_202	1	0	0	2	72.5	0	0	100	3	60	21.3	40	22.4	235	0.409993589850735	-0.186188853887002
V_203	1	1	2	2	62.5	0.5	0	98	2	50	16.2	44.4	19.7	178	0.57460970203866	-0.15824376768605
V_204	1	1	2	3	72.5	0	0	100	3	60	13.6	41.6	19.9	149	0.52140670628234	-0.237803234451582
V_205	2	0	0	3	62.5	1	0	94	2	10	20.4	41.9	20.8	224	0.495210100407776	-0.190957255911064
V_206	1	1	0	3	52.5	0.5	0	106	3	30	16.4	42.8	20.6	180	0.517069731367277	-0.170756911174531
V_207	1	0	0	3	67.5	0	0	104	3	30	19.3	41.3	22.4	212	0.432609018456428	-0.144402328997602
V_208	1	1	2	3	62.5	0.5	0	100	3	30	10.4	46.1	20.2	114	0.583455262733337	-0.0810373347721507
V_209	1	1	0	3	72.5	1	0.5	97	2	0	19.8	44.9	20.3	218	0.561313319162642	-0.116014404061973
V_210	1	1	2	2	77.5	0	0	102	3	30	13.8	43.1	20.4	152	0.52890745511193	-0.169654363502188
V_211	1	1	2	2	57.5	0.5	0	102	3	20	9.8	42.7	19	108	0.5725867454625	-0.241789905312784
V_212	1	1	2	3	77.5	0.5	0	107	3	15	19.9	43.9	21.7	219	0.498228894335002	-0.0885435624991562
V_213	1	1	2	3	62.5	0.5	0	110	3	10	21	41.4	21.7	231	0.456768791837138	-0.169761870585668
V_214	1	1	2	3	57.5	0.5	1	102	3	25	12.7	44.1	20	140	0.559128783613094	-0.154841446509069
V_215	2	1	0	3	62.5	1	0	102	3	30	11	43	22.4	121	0.461132020073586	-0.0887720759858053
V_216	1	1	2	3	57.5	1	0	106	3	30	14.9	44.4	21.8	164	0.502985912855695	-0.067676203271775
V_217	1	1	0	3.5	77.5	1	0	107	3	5	15.1	42	22.3	167	0.447657239798324	-0.12575887763128
V_218	1	1	2	3	82.5	0	0	107	3	40	10.2	38.9	22.9	113	0.374665718220867	-0.201486808219776
V_219	1	1	2	3	67.5	1	0	110	3	5	14.7	43	20.7	162	0.516942019842807	-0.160156484726071
V_220	1	1	2	3	62.5	0.5	0	113	4	15	15.8	41	22.2	173	0.433795711021633	-0.162209838166446
V_221	1	1	2	2	72.5	0.5	0	114	4	40	13.3	38	23	147	0.35503261823816	-0.226187073547096
V_222	1	1	2	3	72.5	0.5	0	116	4	5	19.2	41.2	21.1	211	0.473171261878283	-0.200698489764586
V_223	1	1	2	4	77.5	1	0	114	4	5	16.5	41.9	19.4	181	0.54448124480344	-0.249488820630751
V_224	1	1	2	3	57.5	1	0	111	4	15	12.6	42.2	21.3	138	0.483458203568133	-0.160644570396299
V_225	1	1	2	3	57.5	1	0	113	4	20	10.8	44.5	20	119	0.565513538334469	-0.142006689867304
V_226	1	1	2	3	77.5	0.5	0	111	4	5	17.5	40.2	21.1	192	0.45579675679344	-0.232105141750251
V_227	1	1	0	3	115	0	0.5	113	4	5	20.3	39.5	23	223	0.382407912331456	-0.178358361941986
V_228	1	0	0	3	87.5	0.5	0	110	3	15	17.2	40.6	23	189	0.401830293385785	-0.142835979525684
V_229	1	1	2	3	87.5	0	0	114	4	0	19.3	40.2	21.9	212	0.42948277046878	-0.19985737567249
V_230	1	0	0	5	82.5	0.5	0	118	4	0	15.2	38.6	22	167	0.397542378372516	-0.24627043430411
V_231	1	1	0	4	82.5	0	0	118	4	5	20.1	39.4	22.5	221	0.396156932729025	-0.201326598816748
V_232	1	0	2	4	105	0	0	116	4	10	17.4	39.1	22.3	192	0.397065763945137	-0.218737559143804
V_233	1	1	2	4	77.5	0.5	0	109	3	5	23.9	40.8	22	263	0.436737169324964	-0.176727822218967
V_234	1	1	2	4	67.5	1	0	118	4	5	15.1	42.3	19.9	166	0.533206139712333	-0.216008819398939
V_235	1	1	2	3.5	72.5	0.5	0	114	4	10	16.3	40	21.9	179	0.425956046044875	-0.206190891313981
V_236	1	1	0	4	72.5	0.5	0	115	4	5	19.2	39.3	22.7	211	0.388102341110952	-0.196605385880494
V_237	1	1	2	4	72.5	0	0	115	4	15	20.2	40.7	21.6	222	0.447976737470498	-0.196121981398223
V_238	1	0	1	4	77.5	0	0	113	4	25	16.3	43.9	21.1	179	0.518055616981716	-0.114108974425871
V_239	1	1	2	5	77.5	0.5	0	123	5	0	4.7	38.2	17.1	52	0.568342061969187	-0.456435070778276
V_240	1	1	2	5	87.5	0.5	0	133	5	0	8.1	41.6	19.6	89	0.532147775310476	-0.25034224436393
V_241	1	0	0	3.5	87.5	0.5	0	120	4	5	14.4	40.5	20.7	159	0.474587637750361	-0.238990516534878
V_242	1	1	0	5	67.5	0.5	0	118	4	0	19.3	40.1	21.9	213	0.427721606965107	-0.203025691282436
V_243	1	1	0	4	77.5	0.5	0	118	4	0	13.7	39.4	21.3	150	0.434912208419512	-0.249021719943228
V_244	1	1	2	3.5	92.5	0	1	131	5	0	12.6	39.2	21.8	139	0.414906766992646	-0.235370071406281
V_245	1	1	0	5	77.5	0	0	121	5	0	12	39.6	22	132	0.415627936643312	-0.214837947012866
V_246	2	0	0	4	72.5	1	0	125	5	0	12.4	40	21.2	136	0.448926731667474	-0.234318130605602
V_247	1	1	2	4.5	77.5	0.5	0	133	5	0	6.6	44.9	19.8	73	0.578947818654645	-0.137843482065845
V_248	1	1	2	5	72.5	1	0	133	5	0	11.3	38.8	19.2	125	0.4974566687191	-0.351913582591423
V_249	1	1	0	5	77.5	0	0	123	5	0	14.6	40.4	21.7	161	0.439479256144146	-0.2015767488384
V_250	1	1	2	3.5	102.5	0	0	143	6	0	NA	NA	NA	NA	NA	NA
V_251	1	1	0	2	72.5	0.5	0.5	98	2	40	16.6	43.2	22.2	182	0.470755071288302	-0.0905390931529562
V_252	1	1	0	3	77.5	0	0	112	4	15	21.7	41.8	22.7	239	0.431710903704573	-0.115862550468248
V_253	1	1	0	3	72.5	0.5	0	113	4	5	23.5	41.8	22.4	259	0.441118228015648	-0.128164851208929
V_254	1	1	0	3	72.5	0.5	0	112	4	10	21.6	41.7	22.7	238	0.43001723395788	-0.119137148168776
V_255	1	1	0	3	72.5	0.5	0	100	3	40	15.4	39.6	23.8	169	0.360018848022251	-0.143532661409433
V_256	1	1	0	3	82.5	0.5	0	102	3	15	15.8	43.2	22.2	174	0.470755071288302	-0.0905390931529562
V_257	1	1	0	3	72.5	0.5	0.5	100	3	30	16.9	41.4	23.3	186	0.40646443758822	-0.104524498308235
V_258	1	1	0	4	77.5	0.5	0	110	3	20	13.3	43.8	21.2	146	0.513099757356872	-0.113109730193708
V_259	1	1	0	3	72.5	0.5	0	110	3	25	15.5	41.7	22.4	171	0.439424558268954	-0.131420229160441
V_260	1	1	0	3	87.5	0.5	0	110	3	20	15.8	42.7	22.6	174	0.449895992291781	-0.0903578176005446
V_261	1	1	0	3	77.5	0.5	0	110	3	25	15.5	42.6	23.3	171	0.426668863004781	-0.0646204603217124
V_262	1	1	0	3	72.5	0.5	0	110	3	25	15.8	41.7	23.9	173	0.393591664425322	-0.0701099245352848
V_263	1	1	0	3	72.5	0.5	0	102	3	15	19.4	42.4	22.4	213	0.451195929917535	-0.108546216571249
V_264	1	1	0	3	77.5	0	0	98	2	40	13.1	42.7	23.8	144	0.413313346094855	-0.0405008337113149
V_265	1	1	0	3	77.5	0.5	0	102	3	10	18.8	41.3	23.9	206	0.386776124612795	-0.0834842502439113
V_266	1	1	0	3	77.5	0.5	0	102	3	20	16.3	41.1	23.2	180	0.404363144326188	-0.11844955801573
V_267	1	1	0	3	72.5	0.5	0	110	3	15	17	40.7	23.6	187	0.385360029713255	-0.115463464962183
V_268	1	1	0	3	77.5	0.5	0	110	3	15	16.9	40.3	24.6	186	0.349031461122487	-0.0887141290111209
V_269	1	1	0	3	77.5	0.5	0	109	3	10	20.7	43.1	20.9	228	0.511785388993456	-0.148506733658917
V_270	1	1	0	4	87.5	0.5	0	111	4	15	16.2	40.3	22.9	178	0.399667047064656	-0.156566204029574
V_271	1	0	0	3	72.5	0.5	0	96	2	30	13.9	40.8	23.1	153	0.402237313385554	-0.132301444696636
V_272	2	1	0	3	67.5	0	0	97	2	0	17.3	39.6	23.5	190	0.368988610344449	-0.155376671326647
V_273	1	1	0	3	82.5	0	0	100	3	5	18.6	39.5	23.6	204	0.364198147704958	-0.15467536423477
V_274	2	1	0	4	105	0	0	113	4	5	23.8	39.1	22	262	0.406642977364749	-0.230588261315761
V_275	1	0	0	3	87.5	0	0	110	3	5	24.1	40.9	22	265	0.438468153741867	-0.173530599208283
V_276	1	1	0	3	87.5	0	0	110	3	15	17.4	39.7	21.6	192	0.430386109423019	-0.227653412034543
V_277	1	0	0	3	87.5	0	0	113	4	0	23.2	39.3	23.5	255	0.363611346550953	-0.165092580495312
V_278	1	1	0	3	77.5	0.5	0	113	4	10	20.4	38.2	22.7	225	0.36802828439278	-0.23149494524458
V_279	1	1	0	3	87.5	0.5	0	110	3	5	17.4	43.9	21.4	191	0.508072767204703	-0.101316665043354
V_280	1	0	0	3	92.5	0	0.5	111	4	5	21.1	40.7	22	232	0.435001937089284	-0.179921597463772
V_281	2	0	0	3	77.5	0	0	109	3	20	20.8	39.6	23.7	228	0.362996144131106	-0.14747942700469
V_282	1	1	0	3	87.5	0.5	0	111	4	5	26	41.6	21.9	286	0.453689278278533	-0.155149748312646
V_283	1	1	0	3	77.5	0.5	0	111	4	10	18.8	39.9	22.7	206	0.398816285188236	-0.177424772542216
V_284	1	0	0	3	97.5	0	0.5	110	3	5	16.8	38.7	23.2	185	0.361817574783291	-0.196137455554896
V_285	1	0	0	3	97.5	0.5	0	113	4	0	16.8	39.9	23	185	0.389532474177571	-0.16548891482241
V_286	1	0	0	4.5	105	0	0	113	4	0	21.9	37.9	23.7	241	0.331969708421901	-0.202364088446715
V_287	1	1	0	3	82.5	0	0	110	3	5	17.4	39.7	22.9	192	0.389060246466364	-0.175895127488097
V_288	1	1	0	3	87.5	0	0	111	4	5	20.2	41.8	22.6	223	0.434832793019302	-0.119961731120843
V_289	1	1	0	3	67.5	0.5	0	111	4	5	23.9	40.2	22.2	263	0.419862121637674	-0.187814142779699
V_290	1	1	0	3	82.5	0.5	0	110	3	0	19	41.4	23.6	209	0.397418172016815	-0.0923329157765789
V_291	1	1	0	3	72.5	0.5	0	110	3	0	15.7	42.4	23.6	173	0.414295029969297	-0.0589208325481119
V_292	1	1	0	4	72.5	0.5	0	98	2	5	17.9	40.2	23.3	197	0.385665679897808	-0.14382757307649
V_293	1	1	0	3	72.5	0.5	0	98	2	0	16.9	40.2	23.5	186	0.379621995403567	-0.135851993970149
V_294	1	1	0	3	72.5	0.5	0	98	2	0	17.3	40.7	23.3	190	0.39440629528466	-0.127518976069321
V_295	1	1	0	2.5	77.5	0.5	0	98	2	5	17.4	41.8	21.9	192	0.457080684209787	-0.14870546294861
V_296	1	1	0	3	57.5	0.5	0	98	2	0	18.9	42.6	23	208	0.435832362059874	-0.0770628495630072
V_297	1	1	0	3	62.5	0.5	0	98	2	0	18.9	42.4	23.1	208	0.429437081405915	-0.0795829698341475
V_298	1	1	0	3	82.5	0.5	0	98	2	0	19.6	41.4	23.2	216	0.409505761765717	-0.108590159056432
V_299	1	1	0	3	72.5	0.5	0	98	2	0	19.6	42.4	22.3	216	0.454359723925713	-0.11268913780422
V_300	1	1	0	3	72.5	0.5	0	98	2	0	22.2	41.8	22.8	244	0.428602737024527	-0.111764813710667
V_301	1	1	0	3	72.5	0.5	0	98	2	0	20.1	42.2	22.6	221	0.441567194219128	-0.106847574544451
V_302	1	1	0	3	72.5	0.5	0	98	2	0	20.7	42.5	22.4	228	0.452861671044007	-0.10526160679461
V_303	1	1	0	3	72.5	0.5	0	98	2	0	18.5	43.6	23.3	203	0.443075788872985	-0.0308456298141264
V_304	1	1	0	3	77.5	0.5	0	98	2	5	16.7	42.3	23.2	184	0.42471294531505	-0.0787834625226322
V_305	1	1	0	3	72.5	0.5	0	98	2	0	16.5	42.6	22.9	182	0.438913442233963	-0.0812118053668933
V_306	1	1	0	3	72.5	0.5	0	98	2	5	15.8	43.1	22.7	174	0.453367220963756	-0.0728981891294511
V_307	1	1	0	3	77.5	0.5	0	98	2	5	15.7	42.9	22.2	172	0.465827477959046	-0.100432975614356
V_308	1	1	0	3	82.5	0.5	0	98	2	5	17.9	39.8	23.6	197	0.369548287588088	-0.144921144307117
V_309	1	1	0	3	77.5	0.5	0	109	3	5	22.1	41.3	22.5	243	0.4294593171186	-0.140331442292762
V_310	1	1	0	3	82.5	0.5	0	107	3	5	19.8	43.4	22.1	218	0.477213520318797	-0.0881332935075982
V_311	1	1	1	3.5	57.5	1	0	109	3	5	20.6	42.8	22.8	227	0.445319988001366	-0.0787161860051211
V_312	1	1	0	4	77.5	1	0	109	3	5	21.1	41.4	22.5	232	0.431169370627225	-0.137085505920304
V_313	1	1	0	4	77.5	1	0	110	3	5	22.9	41.5	23.7	252	0.396134214803811	-0.0849427105364025
V_314	1	1	0	4	77.5	0.5	0	110	3	5	20.8	40.7	23.3	229	0.39440629528466	-0.127518976069321
V_315	1	1	0	4	67.5	1	0	109	3	5	20.1	42.1	22	221	0.45891603969698	-0.13487886524743
V_316	1	1	0	4	77.5	0.5	0	111	4	5	19	39.9	22.7	210	0.398816285188236	-0.177424772542216
V_317	1	1	1	4	72.5	1	0	114	4	10	16.7	42.3	22.8	184	0.437010764523265	-0.0952957803117433
V_318	1	1	0	4	67.5	1	0	112	4	5	20.1	40.5	24.2	221	0.364124170953184	-0.0980250361573454
V_319	1	1	0	4	87.5	1	0	111	4	0	21.8	38.9	23	239	0.371584638046778	-0.197567717577741
V_320	1	1	0	4	82.5	1	0	118	4	5	18.7	42.2	21.3	205	0.483458203568133	-0.160644570396299
V_321	1	1	0	3.5	62.5	1	0	119	4	0	19	38.5	24.6	209	0.31672146999058	-0.148201648498612
V_322	1	1	1	3.5	82.5	0.5	0	112	4	5	17.3	39.6	23.6	191	0.365986029267284	-0.15142739876768
V_323	1	1	0	3.5	72.5	1	0	115	4	5	19.5	41.8	22.6	215	0.434832793019302	-0.119961731120843
V_324	1	1	0	3.5	95	0.5	0	115	4	0	19.8	39.6	24	218	0.354101601933566	-0.135642372725142
V_325	1	1	0	4.5	87.5	1	0	118	4	0	18.6	38.7	22.9	204	0.371020829834975	-0.207854884916943
V_326	1	1	0	5	77.5	1	0	118	4	0	20.8	41.3	21.2	229	0.471542160273167	-0.193435463734341
V_327	1	1	0	4.5	105	1	0	131	5	0	11.6	40.5	20.2	127	0.491877173443353	-0.259427279131508
V_328	1	1	0	4.5	102.5	0.5	0	114	4	5	16.5	40.5	23.1	181	0.397018789469521	-0.142071612535
V_329	1	1	0	4.5	87.5	1	0	129	5	0	16.5	41.6	21.2	182	0.476659963901132	-0.183922457703835
V_330	1	1	0	4	77.5	1	0	116	4	10	17.5	42.1	21.7	192	0.468624752141275	-0.147278933292775
